-3.6026322771027246 0.39037917402947536 0.1250201834065368 -3.6026322771027246 0.39037917402947536 0.1250201834065368
3.394255898650889 -2.45405641733235 -3.9908599553168265 3.394255898650889 -2.45405641733235 -3.9908599553168265
1.3972518949423451 0.568424543739206 -0.40357813450796615 1.3972518949423451 0.568424543739206 -0.40357813450796615
2.0391288436868935 -1.0929702816624178 -0.7933637148692836 2.258188623097876 -0.9377239034878112 -0.4318664286519964
-1.465545180875158 -3.616659586940255 -0.26061122438813417 -1.5209112758890335 -4.032534348915711 -0.02764590286183243
-1.4246113175164439 -2.425596047340469 -5.530842088364604 -1.4246113175164439 -2.425596047340469 -5.530842088364604
0.03131467678661149 1.0104833233715023 -1.7686011927269187 0.03131467678661149 1.0104833233715023 -1.7686011927269187
-2.147284189431761 -2.658363706355343 -4.307508740080667 -2.147284189431761 -2.658363706355343 -4.307508740080667
-0.17465902558534852 -0.09250961433213956 -1.0944528854818876 -0.2595391913806484 0.2329416394228681 -0.7236685597703638
-3.7351268362429506 -2.503825909048414 3.239671536151159 -3.7351268362429506 -2.503825909048414 3.239671536151159
1.0228301129388109 -1.2099871980782506 3.0375110708676485 1.032155766621802 -1.3006405860965549 3.072912835408026
-0.07503242799205549 -0.2756938312182656 -0.6271655883165707 -0.07503242799205549 -0.2756938312182656 -0.6271655883165707
-4.25450869393454 1.0599676418575468 -0.153088066801589 -4.25450869393454 1.0599676418575468 -0.153088066801589
-2.971697497805548 1.7374858580078711 0.5040556316350533 -2.971697497805548 1.7374858580078711 0.5040556316350533
-0.04613218833393291 -0.6052564913146695 0.12240495390868338 0.07434543991083625 -0.16850060867820543 -0.27663882108376164
-2.2705730154088566 -0.9693362352890789 -1.3443418709197756 -2.2705730154088566 -0.9693362352890789 -1.3443418709197756
1.1275812268206304 -1.005279996721957 -4.713186583355397 1.1275812268206304 -1.005279996721957 -4.713186583355397
-2.1917212943832363 -6.340710042566667 1.9311310155827195 -2.1917212943832363 -6.340710042566667 1.9311310155827195
2.4920232930145247 4.41822802265382 -3.5199858169636076 2.4920232930145247 4.41822802265382 -3.5199858169636076
-1.4691655679819353 0.03961511248808702 -0.22248786726256886 -1.6366622540225306 0.6950479808992104 -0.41769650429065697
3.0056186195998276 0.16152858034580056 1.109054836443439 2.594708172582791 0.41347332673892145 1.213125177608964
4.406068751442651 0.3988346286733989 -3.55517864948102 4.406068751442651 0.3988346286733989 -3.55517864948102
-3.526317488054422 3.9031423397499747 -0.1897795444180762 -3.526317488054422 3.9031423397499747 -0.1897795444180762
-2.676669239230257 2.5777661111312566 1.316831302241015 -2.676669239230257 2.5777661111312566 1.316831302241015
0.3584438012721861 0.6042062237713341 0.7731330167589667 0.4555310515094578 0.6501895428346525 0.6419600768496111
0.11836100232485255 0.6829764632727641 -0.5036202255503162 -0.3150674327365859 0.04595414866574543 -0.9321241203461628
-0.6075036893879483 1.2265845532378856 -0.6590462082483909 -0.6075036893879483 1.2265845532378856 -0.6590462082483909
0.9736098389228729 -1.7055629957009084 -0.8792481387029901 0.9736098389228729 -1.7055629957009084 -0.8792481387029901
-0.8001344505765134 -1.3403526317251446 -1.7685504265505358 -0.8001344505765134 -1.3403526317251446 -1.7685504265505358
0.6265293891606054 1.7068235505684493 -1.4875396085398427 0.5574203441534495 1.936932338340162 -1.7337966561635303
1.4555659533138412 0.8732969794177536 1.173564092287072 1.295606097218977 0.7342712164830211 1.1166533621430574
2.8253105270620007 -5.863643193416023 4.828574782277026 2.8253105270620007 -5.863643193416023 4.828574782277026
3.4384870108827554 4.981744090845497 1.658829376412922 3.4384870108827554 4.981744090845497 1.658829376412922
-2.8001421938110385 1.468286841444688 -2.725671718185191 -3.0984124082170013 1.5980480774019676 -2.782914525048846
-0.4602399339010923 1.5472852204782206 0.04667218410391076 0.004970216876725497 1.0166086634244833 0.24365437195607698
-2.3744798682506683 1.9341869970771626 -4.082839191648691 -2.3744798682506683 1.9341869970771626 -4.082839191648691
-0.24784224523462925 -1.8694834758426546 5.134501371584744 -0.24784224523462925 -1.8694834758426546 5.134501371584744
-1.3904547183299434 1.3610945156547078 -0.7837385196647645 -1.5506937416801174 1.2750091759256612 -0.3808906158530189
-0.08935900204810861 -2.8252013909063085 1.3715368745234768 -0.08935900204810861 -2.8252013909063085 1.3715368745234768
0.02834700974470479 3.418178972773849 1.3647387297322695 0.02834700974470479 3.418178972773849 1.3647387297322695
1.2206044938809577 0.9780202437179705 -2.1909662659695863 1.2206044938809577 0.9780202437179705 -2.1909662659695863
1.3338918036768248 -0.16796412796201007 -4.84144304372053 1.3338918036768248 -0.16796412796201007 -4.84144304372053
0.1876883894854292 1.6231154789170765 -3.086813290696982 0.1876883894854292 1.6231154789170765 -3.086813290696982
-0.3454596253933663 2.396365075357113 -5.747560043827531 -0.3454596253933663 2.396365075357113 -5.747560043827531
-1.1341333391814397 2.1297840382749658 1.6983774541873478 -0.9605842619693881 2.1966665299353507 1.6242146556900097
1.1757248328345251 -1.6815550039927085 0.34943549609375324 1.2507938534643843 -1.7710646165934953 -0.1796031370801115
4.129324412008905 1.5453359125079296 0.419557831879343 4.129324412008905 1.5453359125079296 0.419557831879343
-0.22782850258031795 -3.6924107697201527 -1.4344121671615981 -0.22782850258031795 -3.6924107697201527 -1.4344121671615981
-0.6757737151374139 0.7853685130024604 0.7735932789896122 -0.33567198753180927 -0.2756395126749871 0.7317978038595955
0.19358401459309987 -2.7020855559398664 0.35530257880865895 0.19358401459309987 -2.7020855559398664 0.35530257880865895
1.0061733367881582 2.461434008381369 0.10723979383718278 1.0061733367881582 2.461434008381369 0.10723979383718278
-1.0395871961601515 -0.9983719387041364 2.1324322423982007 -0.9671499936630249 -0.9383838635134447 2.7122062407500547
1.724639890895977 3.458368369516639 -0.5195064038019774 1.724639890895977 3.458368369516639 -0.5195064038019774
1.1313805754020374 0.413103332531169 -2.2570662564348414 1.1313805754020374 0.413103332531169 -2.2570662564348414
2.7608888048007807 2.325658714478213 -0.4555736144537573 2.7608888048007807 2.325658714478213 -0.4555736144537573
0.38057398436596007 4.690659351164537 -5.802460594154392 0.38057398436596007 4.690659351164537 -5.802460594154392
0.8206846950874332 -0.813263756557726 0.7253930425272724 1.0889408471698179 -0.9775971547268926 0.5908583087002921
-0.6485359615324784 0.17933667991491944 -3.140814839430055 -0.9956229104956589 0.36333704308119463 -3.081479995758627
-3.659544449563905 0.6481274668764513 -1.0928196236346268 -3.659544449563905 0.6481274668764513 -1.0928196236346268
0.6509386418710373 -2.505667819929265 -0.9673995376231717 0.6509386418710373 -2.505667819929265 -0.9673995376231717
-4.183073293136653 -1.9515481889400854 -1.759723331988589 -3.9918309499750766 -1.979691078904988 -2.2391250586727036
1.1453392553680364 -1.8823009943190332 -0.19111221091984207 1.1453392553680364 -1.8823009943190332 -0.19111221091984207
-3.618412131749646 -0.6968658462848839 1.8133821868794011 -3.618412131749646 -0.6968658462848839 1.8133821868794011
0.18716359260593482 0.8185181343695692 0.15302351924210533 -0.35151662879052314 0.5583500560017112 0.5774333238803584
-1.6778226149032218 -1.7505870374630503 0.1612417431480351 -1.7767996568579685 -1.980061000616835 0.06444914176660338
6.704940402839439 1.7846264946958235 -6.059803726441358 6.704940402839439 1.7846264946958235 -6.059803726441358
-1.509624329594228 -1.4054109633060496 -2.3844484340226413 -1.509624329594228 -1.4054109633060496 -2.3844484340226413
1.289540963121504 4.744621462768923 0.6112071454925435 1.289540963121504 4.744621462768923 0.6112071454925435
1.2544407367854946 -0.13437968850332138 -0.3061397165631218 1.7448242825613076 0.39941600396153726 -0.6123090231216363
-0.062204427823323624 0.27421364154249 0.49218689125696036 -0.48095085210946503 -0.043892811143714516 0.7700676036180938
-0.9956229104956589 0.36333704308119463 -3.081479995758627 -0.6485359615324784 0.17933667991491944 -3.140814839430055
3.205820189516505 1.453033050120804 1.7358676535579158 3.01351588934754 1.601703089083371 1.827787992901674
2.594708172582791 0.41347332673892145 1.213125177608964 3.0056186195998276 0.16152858034580056 1.109054836443439
-1.5625684119421674 -1.949010628695305 0.9342036052539955 -1.5625684119421674 -1.949010628695305 0.9342036052539955
-0.3897715653237841 -0.3846145230080721 -0.4771916787177267 0.08993908127757932 -0.18688265416223 -0.4227024499423519
-0.6113599434891158 -0.2366304736568801 0.6089196181958376 -0.6113599434891158 -0.2366304736568801 0.6089196181958376
-1.1582513361581404 2.9636987551463423 1.2178571726260266 -1.1582513361581404 2.9636987551463423 1.2178571726260266
1.6348924394615358 3.1205882463341377 -1.297955085821221 1.6348924394615358 3.1205882463341377 -1.297955085821221
1.4618308649799168 -2.1846569531722873 0.09607455390892372 1.4618308649799168 -2.1846569531722873 0.09607455390892372
-3.6195375022279315 4.536848101229432 1.9568135788522147 -3.6195375022279315 4.536848101229432 1.9568135788522147
-5.497213066213981 2.2420182247984153 -0.6036363226555359 -5.497213066213981 2.2420182247984153 -0.6036363226555359
-1.5209112758890335 -4.032534348915711 -0.02764590286183243 -1.465545180875158 -3.616659586940255 -0.26061122438813417
-0.20354676441551364 -0.57140360065207 -0.29275982652136956 -0.3897715653237841 -0.3846145230080721 -0.4771916787177267
0.6186995902560352 -0.15530400396836597 0.20537903979753838 0.9601334808895653 -0.8214486614575255 0.1320762725706443
0.21656039921183942 -2.676188874420664 0.11288007315292826 0.21656039921183942 -2.676188874420664 0.11288007315292826
-0.19437112188850444 0.7311515301005257 -3.4434872599673505 -0.19437112188850444 0.7311515301005257 -3.4434872599673505
0.05610086543870355 -0.7218374851313063 -0.013662139689971316 -0.04613218833393291 -0.6052564913146695 0.12240495390868338
-0.63126428018572 1.1460802258033318 1.0118374916026118 -0.22208277304689528 0.4337872515973137 0.8352811870691861
0.6598601293606617 -1.0234603986869288 1.1783217216299222 0.8206846950874332 -0.813263756557726 0.7253930425272724
0.1097040722183712 1.5823852374733547 4.094560581423163 -0.043541069042111996 1.3784177605593153 4.389170441248725
1.6121431361529082 0.1599238297753558 -0.7280808493608883 1.2678574697038423 0.2341816827171695 -0.64182644456981
0.2251155802346526 -0.19698667828871352 -0.3957989900019398 0.22869459223469307 -0.0372560888974367 0.08242431190630145
-0.23092090642401084 -0.5189396984466409 -0.7552325612974228 -0.23092090642401084 -0.5189396984466409 -0.7552325612974228
-1.3446230955769025 -0.48312421091803437 -0.4311896900101026 -1.083767491804749 -0.7449848510219119 0.01156269321076514
-2.3522706733545 -1.831556761410137 -0.044404499009125575 -2.3522706733545 -1.831556761410137 -0.044404499009125575
-2.7964219475955265 -0.4838143396250114 -1.7786393047142628 -2.7964219475955265 -0.4838143396250114 -1.7786393047142628
-0.14046137650904614 2.0179577661952406 -1.7705014569560527 -0.17002942935444745 1.6685604499726499 -1.3682096941168227
0.017957119144169694 1.6371156780607754 -0.2912134888249849 0.017957119144169694 1.6371156780607754 -0.2912134888249849
-3.0984124082170013 1.5980480774019676 -2.782914525048846 -2.8001421938110385 1.468286841444688 -2.725671718185191
-2.644530534629627 4.699365602485211 -1.2719260868423201 -2.644530534629627 4.699365602485211 -1.2719260868423201
6.2893917438170135 -0.15260016586723676 -1.994625364005943 6.2893917438170135 -0.15260016586723676 -1.994625364005943
-1.2584952702514371 -0.21457139421630586 1.1747293953656626 -1.2584952702514371 -0.21457139421630586 1.1747293953656626
0.2175205709160932 1.69403073767715 -0.49810913657732747 -0.01705304639545934 1.960450732647995 -0.7060702487061542
-0.1867022377358964 -3.2002992111029367 2.809459625850116 -0.4126824727433566 -3.10437137697331 2.915417363485755
-0.12543944085500613 0.5161238399084883 3.789754196955161 -0.12543944085500613 0.5161238399084883 3.789754196955161
-0.9005272454357692 3.3362097676056632 3.125377256209229 -0.9005272454357692 3.3362097676056632 3.125377256209229
0.7022730994418003 0.5967697596148511 0.39559234759494466 0.9757566900758285 0.8233922055910461 0.5698565664657801
3.7348209059763953 1.0009477000240201 -4.334890622862442 3.7348209059763953 1.0009477000240201 -4.334890622862442
-3.6916143682290428 -1.3505260764035418 1.3975024527192184 -3.6916143682290428 -1.3505260764035418 1.3975024527192184
-1.1375221489575031 2.811906150638049 -0.022213729717700907 -1.1375221489575031 2.811906150638049 -0.022213729717700907
-0.14191901642333354 -2.177095358171241 -0.21302565518219868 -0.14191901642333354 -2.177095358171241 -0.21302565518219868
-0.886170109917047 -0.3568288995370611 0.36057212153115636 -0.886170109917047 -0.3568288995370611 0.36057212153115636
-0.5595716202225028 -0.7312242964640444 1.2125571307902803 -0.9261125881937243 -0.6187959385591366 1.06934335478694
-4.8869618434122755 3.1301568815615672 -5.875965079472191 -4.8869618434122755 3.1301568815615672 -5.875965079472191
0.45548229751799496 -0.008888145760398002 1.1875351249127022 0.45548229751799496 -0.008888145760398002 1.1875351249127022
-0.48095085210946503 -0.043892811143714516 0.7700676036180938 -0.20291235490431708 -0.8899260167904235 1.1132659914195342
-4.699045332614553 -4.86378562118948 2.1329423694261953 -4.699045332614553 -4.86378562118948 2.1329423694261953
1.962259458049863 -1.5034833525060505 8.061527608418233 1.962259458049863 -1.5034833525060505 8.061527608418233
0.22869459223469307 -0.0372560888974367 0.08242431190630145 0.014923922135667234 0.3380259319568457 -0.06988477587792843
3.9940255032114242 -2.9127742437097206 1.9877742142575934 4.6477099129974775 -2.8520579510283786 1.8220144622046806
0.014923922135667234 0.3380259319568457 -0.06988477587792843 0.1777932515468415 0.18162849833193423 0.04397108661071612
-2.6721290790440286 2.459208507059837 -5.099407095471093 -2.6721290790440286 2.459208507059837 -5.099407095471093
1.659170514413839 1.1924413506575775 -1.6566211378764502 1.659170514413839 1.1924413506575775 -1.6566211378764502
0.6090571536308165 -2.7412343896602733 -1.8856951325227618 0.6090571536308165 -2.7412343896602733 -1.8856951325227618
-0.7970574068753192 0.031037197618502765 0.9902928006668414 -0.7107370553219222 0.2353111777427391 0.7629794716032522
0.5061878578649991 -2.311254432860351 -2.3366943259538884 0.5061878578649991 -2.311254432860351 -2.3366943259538884
-1.0474951404105095 0.49214788538873244 -0.4705355227427784 -1.3904547183299434 1.3610945156547078 -0.7837385196647645
0.3414054243763478 0.019226377778217434 -1.9535940186335992 0.3414054243763478 0.019226377778217434 -1.9535940186335992
-0.5602745204578864 -3.1368346638675657 1.4773317381365256 -0.5602745204578864 -3.1368346638675657 1.4773317381365256
-0.8367637257995391 -3.140307196609144 2.5500473009378917 -0.8367637257995391 -3.140307196609144 2.5500473009378917
2.2919934346593878 0.005307967917824788 -4.005969124442424 2.2919934346593878 0.005307967917824788 -4.005969124442424
3.5740435003074085 2.7296210888005743 -0.8550989991240625 3.5740435003074085 2.7296210888005743 -0.8550989991240625
-0.7864224280150172 -2.146094707081325 -5.715728646747032 -0.7864224280150172 -2.146094707081325 -5.715728646747032
-0.5059841355581058 -0.35791537477955965 -0.1475317342624769 -0.7199237213469822 -0.2005523865279466 -0.22186228850519263
-2.336135863476771 2.075968177508439 3.002143973752146 -2.336135863476771 2.075968177508439 3.002143973752146
-2.5981331574670588 0.5351326772721158 -0.8136824057426124 -2.5981331574670588 0.5351326772721158 -0.8136824057426124
-4.637318893362989 -2.338194858008229 -0.7203691483149245 -4.637318893362989 -2.338194858008229 -0.7203691483149245
-1.7767996568579685 -1.980061000616835 0.06444914176660338 -1.6778226149032218 -1.7505870374630503 0.1612417431480351
0.33077277638284636 2.638210026457206 -2.3933652748125867 0.33077277638284636 2.638210026457206 -2.3933652748125867
-4.086760588298565 0.6786133804379602 5.422385370583483 -4.086760588298565 0.6786133804379602 5.422385370583483
2.7824795632001194 -5.2928512927949845 -5.372730286034374 2.7824795632001194 -5.2928512927949845 -5.372730286034374
1.3072519427887712 -0.4560575519469592 -2.6447852435310724 1.3072519427887712 -0.4560575519469592 -2.6447852435310724
-1.5455681477917809 0.5891788402424398 -0.40298559201537604 -1.4748109946039545 0.5112335593137269 -0.8735746710245293
-1.6060487382211632 -0.66729730465948 1.7036088042276925 -1.6563679845678965 -0.5254558765271982 1.550438895325168
0.6274497144999217 -4.347040797854307 -1.5198121282784358 0.6250497916183135 -3.8510814809479523 -1.4788554663725781
0.28436092984725925 1.6016918517111938 0.6766101709793738 -0.6068838842175946 1.6017188443153711 -0.21982499120164356
0.4171130369292192 1.4623279179763495 1.5466287656114277 1.1905415897263272 1.2015098482350006 1.3665317731997493
0.1873158554650147 1.3221255574057225 1.330389021586625 0.1873158554650147 1.3221255574057225 1.330389021586625
1.0889408471698179 -0.9775971547268926 0.5908583087002921 0.6598601293606617 -1.0234603986869288 1.1783217216299222
-1.761838646579414 -3.879788570542518 1.3813415946259617 -1.761838646579414 -3.879788570542518 1.3813415946259617
-1.1543363240537177 2.0962765506088537 0.0020312809470828756 -1.1543363240537177 2.0962765506088537 0.0020312809470828756
6.222898371777502 -0.39688071252984386 -0.9969705233856772 6.222898371777502 -0.39688071252984386 -0.9969705233856772
-1.3551961009649642 -0.6593800094800051 0.7934073212650274 -1.0236165286537737 -0.3102323897708626 -0.02045407086999229
-0.5908469129892064 1.6994576554327858 4.515676483778811 -0.5908469129892064 1.6994576554327858 4.515676483778811
-0.5330926233020996 0.31626069937758283 0.7167506123264155 -0.8709337308759286 0.8475785150293262 0.9869945617099924
0.9757566900758285 0.8233922055910461 0.5698565664657801 0.21379818696893216 0.6897101961464427 0.8735508099841458
4.7035439017810585 -0.6082589383677085 0.6470602240085425 4.7035439017810585 -0.6082589383677085 0.6470602240085425
0.5081213049914649 0.8375928577983303 6.179650930482471 0.5081213049914649 0.8375928577983303 6.179650930482471
-0.800593150147086 0.0755924688898299 -1.0157430405020362 -1.0474951404105095 0.49214788538873244 -0.4705355227427784
1.2262157783865562 -1.2900033640088244 0.9573133888818193 1.2262157783865562 -1.2900033640088244 0.9573133888818193
-1.1730738699685699 2.1524970226982254 3.123668577184841 -1.1730738699685699 2.1524970226982254 3.123668577184841
-0.3849893530742197 0.8696131347080759 -0.4681994535923328 -0.3849893530742197 0.8696131347080759 -0.4681994535923328
0.8768547342072244 -2.523676940887224 4.112378149490033 0.9027859571975922 -2.459219463132669 3.93353266198948
-3.8550303039992913 1.1956866796145023 -5.364357877147462 -3.8550303039992913 1.1956866796145023 -5.364357877147462
0.2589194370556326 -0.18848632194369236 0.15171677551034085 0.6477316676005052 0.5327274518485441 -0.24736393387773548
1.2488883290193686 -1.4301871415942333 1.0626374418779 1.2488883290193686 -1.4301871415942333 1.0626374418779
2.203010340769066 1.4100708125301964 0.49121603340996095 2.203010340769066 1.4100708125301964 0.49121603340996095
1.444858181692302 3.0570737136756785 1.1897109599459044 1.444858181692302 3.0570737136756785 1.1897109599459044
-1.4207360813288648 2.9166075039285566 1.97363984850529 -1.4207360813288648 2.9166075039285566 1.97363984850529
0.571619093732866 0.7704280061500676 2.3271634542819104 0.571619093732866 0.7704280061500676 2.3271634542819104
-0.9828733061865429 0.49675562737622647 1.0286493138310624 -1.0409242788022777 0.05403340353661473 1.27802470596574
0.6477316676005052 0.5327274518485441 -0.24736393387773548 -0.0014095440129884285 0.8771226649278292 -0.5234202850854903
0.6442393907529063 -2.905096217871537 -0.7152922708522766 0.6442393907529063 -2.905096217871537 -0.7152922708522766
-0.14768790557897737 -4.240712251132434 2.243716889330242 -0.14768790557897737 -4.240712251132434 2.243716889330242
0.11491127644379064 1.2472697369804304 -0.8028802156791817 0.11491127644379064 1.2472697369804304 -0.8028802156791817
0.5310723795172106 2.3763948969195177 -1.4515604714130916 0.5310723795172106 2.3763948969195177 -1.4515604714130916
2.5590767500854086 -1.0543710085309783 -3.713931969971519 2.5590767500854086 -1.0543710085309783 -3.713931969971519
-1.8534525578440486 -1.52357052769413 -0.25184792347414864 -1.8534525578440486 -1.52357052769413 -0.25184792347414864
2.8373446488346934 1.9607237809762597 0.4362138279388569 2.8373446488346934 1.9607237809762597 0.4362138279388569
2.6721072837657336 2.496513499933634 1.6103837331475097 2.6721072837657336 2.496513499933634 1.6103837331475097
4.781513110914828 2.138155573161652 1.3187704904665019 4.781513110914828 2.138155573161652 1.3187704904665019
-1.6077106276851505 3.435675834089315 -2.9178580189473857 -1.6077106276851505 3.435675834089315 -2.9178580189473857
5.372412024259558 2.070952211212054 4.104320698675449 5.206851104884152 2.3084295885053856 4.097480430775412
-0.344118831644925 -0.4847491730904046 0.9239762672479039 -0.4090332194160726 -0.5606878348987491 1.21161387903555
-1.6563679845678965 -0.5254558765271982 1.550438895325168 -1.6060487382211632 -0.66729730465948 1.7036088042276925
-1.083767491804749 -0.7449848510219119 0.01156269321076514 -0.5059841355581058 -0.35791537477955965 -0.1475317342624769
1.296436436814775 0.3705059110018216 3.212619713813322 1.296436436814775 0.3705059110018216 3.212619713813322
-2.0877730432471866 -1.7889280018676699 -5.824219889903329 -2.0877730432471866 -1.7889280018676699 -5.824219889903329
2.6507209339736657 -1.8995778794761755 1.8226550058097637 2.6507209339736657 -1.8995778794761755 1.8226550058097637
0.31541540874201907 -4.504731472682629 -2.091629865540377 0.31541540874201907 -4.504731472682629 -2.091629865540377
1.0634624184863932 1.5412679576892652 1.1164225981003821 0.7696255906270508 1.5114102987704485 1.7053114894180197
-0.89511695971388 0.6457660693954791 0.6292826556152143 -0.9828733061865429 0.49675562737622647 1.0286493138310624
-1.199990348144099 -1.8633707002252526 -2.7693529338165623 -1.5949484407347803 -1.8882417971310028 -2.373545158556188
2.6936533013589794 1.4532039233267426 -0.05587143711755507 2.4877813162882627 1.3221892991365618 -0.3898100218707797
-1.9142111625803062 4.2039426851896 -1.7972012289700054 -1.9142111625803062 4.2039426851896 -1.7972012289700054
-1.2420359547397883 -2.505777088349023 -0.3746195844675132 -1.2420359547397883 -2.505777088349023 -0.3746195844675132
-1.3406240660527744 -0.9387987549459947 -0.8949498969290512 -1.3406240660527744 -0.9387987549459947 -0.8949498969290512
-3.936058069742282 -1.7516236680808734 3.874828283366791 -3.936058069742282 -1.7516236680808734 3.874828283366791
2.7817374377884483 -0.5553727599414471 2.0728722132480826 2.7817374377884483 -0.5553727599414471 2.0728722132480826
1.7535827263605248 -4.461721987628251 -3.3947089523866336 1.7535827263605248 -4.461721987628251 -3.3947089523866336
-2.2068458941963973 -1.9926105949677042 -4.031545242446225 -2.2068458941963973 -1.9926105949677042 -4.031545242446225
0.19118838780451713 -0.7838445594170476 0.10121019968394573 0.2296328556867386 -0.5523551322270747 -0.12842656872886954
-1.5549153578754111 -2.0504824275333084 1.2881034232775659 -1.5549153578754111 -2.0504824275333084 1.2881034232775659
1.2669141238600004 -0.5433653455287273 0.011966635733090729 1.2749871459122923 -0.008436194547148057 -0.04545608917125542
-2.0591053606803813 -1.7287506262609211 -2.0430133044984937 -2.0591053606803813 -1.7287506262609211 -2.0430133044984937
1.3214948255840282 -2.2598361360456813 0.531645810085203 1.3214948255840282 -2.2598361360456813 0.531645810085203
1.8372549782427428 -1.2709249763436912 2.3727543616761295 1.6682957865553893 -1.1604089637679635 2.0780225329048863
-1.1337553431128096 -0.7280555212724638 1.6509352917339004 -0.5595716202225028 -0.7312242964640444 1.2125571307902803
0.3649786972418439 -1.9174765285927815 0.21345803543789282 0.3649786972418439 -1.9174765285927815 0.21345803543789282
1.1607283336852572 -3.9909901252005664 0.4239217948535012 1.1607283336852572 -3.9909901252005664 0.4239217948535012
-0.894857326212231 1.753463763335701 1.7159555304236709 -0.894857326212231 1.753463763335701 1.7159555304236709
-1.0228895166060865 0.07950037212904926 3.966249353224052 -1.0228895166060865 0.07950037212904926 3.966249353224052
0.4330403006544323 -0.9492109027292067 -0.4136793577045149 0.4330403006544323 -0.9492109027292067 -0.4136793577045149
0.2296328556867386 -0.5523551322270747 -0.12842656872886954 0.2589194370556326 -0.18848632194369236 0.15171677551034085
-3.4046915393551083 1.2368885911992427 -4.910137682856136 -3.4046915393551083 1.2368885911992427 -4.910137682856136
2.713290185469707 4.4424193743056675 1.130890628101716 2.713290185469707 4.4424193743056675 1.130890628101716
2.959051797308249 -3.302600602035914 -1.26899673369494 2.959051797308249 -3.302600602035914 -1.26899673369494
4.673986943126215 -0.21372744218381234 -0.4964524220292339 4.673986943126215 -0.21372744218381234 -0.4964524220292339
-2.508532850985147 4.490938533049157 -1.293841898265794 -2.7503270110540408 4.458316491056492 -1.4848247935188046
0.9125042849689171 0.5293963059784719 2.7399798151264556 0.8206188191370406 0.7657578218050461 2.53778597801283
-4.244688389343478 -3.881726005846112 3.2065714317712173 -4.244688389343478 -3.881726005846112 3.2065714317712173
-0.026235091995407356 0.6229547523441332 0.660908208055264 0.004582523950967362 0.3488541344062226 0.5569660670957192
-0.9261125881937243 -0.6187959385591366 1.06934335478694 -1.1337553431128096 -0.7280555212724638 1.6509352917339004
0.08993908127757932 -0.18688265416223 -0.4227024499423519 -0.20354676441551364 -0.57140360065207 -0.29275982652136956
0.675797378588129 -0.6208758816071803 -0.9924071832324934 0.675797378588129 -0.6208758816071803 -0.9924071832324934
-0.2344607811123586 -0.130315937220045 -8.4027975007783 -0.2344607811123586 -0.130315937220045 -8.4027975007783
0.5169812880283348 -5.269565954720631 -0.8445804542662017 0.5169812880283348 -5.269565954720631 -0.8445804542662017
1.0261143383633167 1.1790798956402875 0.15450981707839195 0.28436092984725925 1.6016918517111938 0.6766101709793738
2.307457861208304 1.9723762367987079 0.44285637690395196 2.5700158337072505 1.7620648412736597 0.3723861910900776
-6.605822455747401 -0.4045505495463154 -0.3580353016193948 -6.605822455747401 -0.4045505495463154 -0.3580353016193948
1.1350751920075357 -0.5302396615358378 0.09600910068198783 1.367670747451864 -0.4905801463721172 0.16642127596133224
-1.2003927467552193 -0.4918474209685254 0.4568501741364394 -1.3551961009649642 -0.6593800094800051 0.7934073212650274
-5.038904099795323 2.7168659766931573 1.0685355594776884 -5.038904099795323 2.7168659766931573 1.0685355594776884
-3.399626543694602 -2.7406072512709776 -0.6174809044784234 -3.399626543694602 -2.7406072512709776 -0.6174809044784234
0.8490124852084975 -0.595616086251635 0.14491809532865013 0.2251155802346526 -0.19698667828871352 -0.3957989900019398
0.2644486122982262 -4.421848801897961 -1.3205535473019763 0.2644486122982262 -4.421848801897961 -1.3205535473019763
-0.8709337308759286 0.8475785150293262 0.9869945617099924 -0.89511695971388 0.6457660693954791 0.6292826556152143
0.5574203441534495 1.936932338340162 -1.7337966561635303 -0.047357394766241345 1.956919563023124 -1.6690100817568614
-1.393683227611003 -0.5408192420220993 -0.8973121372554465 -1.393683227611003 -0.5408192420220993 -0.8973121372554465
-3.6546407573782265 -0.8840504078695028 -3.550332511893752 -3.6546407573782265 -0.8840504078695028 -3.550332511893752
3.3278861296552473 -0.6767168449374912 -1.911333896713728 3.3278861296552473 -0.6767168449374912 -1.911333896713728
1.5192507434982727 1.9844181910368746 -3.931168247168491 1.5192507434982727 1.9844181910368746 -3.931168247168491
-4.440583296608622 6.780237107893261 2.1310393179580327 -4.440583296608622 6.780237107893261 2.1310393179580327
0.4677563495015423 -0.13021319094750222 0.22567078293135254 0.4677563495015423 -0.13021319094750222 0.22567078293135254
0.004970216876725497 1.0166086634244833 0.24365437195607698 -0.4646428554319628 1.2644368451200507 0.7044263671184243
0.638778569978479 -3.436979994067219 5.8845070060211615 0.638778569978479 -3.436979994067219 5.8845070060211615
0.7148375080643545 2.1995185262700017 1.6173283633875941 0.7148375080643545 2.1995185262700017 1.6173283633875941
2.4178477714424993 2.6983427951929517 -4.382681409121633 2.4178477714424993 2.6983427951929517 -4.382681409121633
-0.07098290764506565 0.3032125329877873 0.0879148666453431 -0.062204427823323624 0.27421364154249 0.49218689125696036
-0.24975987304823247 -0.1544455156552221 -1.2083673973409745 -0.3965373457518188 0.6825651947766624 -1.2087329833725375
0.9722589990940932 0.48555036170096144 -2.804486609464174 0.9722589990940932 0.48555036170096144 -2.804486609464174
3.245899088832108 2.4478985483646882 2.5902426073394333 3.245899088832108 2.4478985483646882 2.5902426073394333
0.0822496952197649 0.8593092494406652 -0.3267713964104169 0.42840338023820146 0.7390687366578188 -0.5272321511489153
0.21379818696893216 0.6897101961464427 0.8735508099841458 0.3584438012721861 0.6042062237713341 0.7731330167589667
-2.1486742643901584 0.289634400808152 0.706839213767761 -2.1486742643901584 0.289634400808152 0.706839213767761
1.2000820095000861 2.4195468050655946 0.7501775626621567 1.2000820095000861 2.4195468050655946 0.7501775626621567
-6.69635411276907 6.546199737581091 0.13055282162028517 -6.69635411276907 6.546199737581091 0.13055282162028517
2.258188623097876 -0.9377239034878112 -0.4318664286519964 1.98009502999768 -1.3151054791999923 -0.34590072419408446
-0.47743441032996875 -3.2952123957339414 1.0204943778920346 -0.47743441032996875 -3.2952123957339414 1.0204943778920346
0.7606669860193718 1.7056538411467719 -1.5218479963913016 0.7606669860193718 1.7056538411467719 -1.5218479963913016
-1.5769663355321422 3.5509554997911654 1.5767645171159888 -1.5769663355321422 3.5509554997911654 1.5767645171159888
-1.2254116987810049 3.2038145835399328 2.03741013881508 -1.2254116987810049 3.2038145835399328 2.03741013881508
3.4407572593652236 -1.2353605775035656 -0.5104924086074589 3.4407572593652236 -1.2353605775035656 -0.5104924086074589
-1.9854706589702835 -0.8652097745610388 0.03314635065500925 -1.7135533108694434 -0.8046792360487965 -0.16988570188855345
-2.908617389452617 1.7298889151512435 1.003121274107631 -2.908617389452617 1.7298889151512435 1.003121274107631
1.2749871459122923 -0.008436194547148057 -0.04545608917125542 1.1350751920075357 -0.5302396615358378 0.09600910068198783
-1.8051044266832474 -0.6294032298688716 0.2759748514394629 -1.9854706589702835 -0.8652097745610388 0.03314635065500925
0.09841865842557727 0.8284356786108761 0.825871108728651 0.6796122218509929 0.9674705638603585 -0.042761699019777666
-1.693371247071808 -5.350105044503147 -4.179771144447086 -1.693371247071808 -5.350105044503147 -4.179771144447086
-1.2833396286176395 0.7499837684905378 -4.420454216691529 -1.2833396286176395 0.7499837684905378 -4.420454216691529
-0.5916452753997136 1.604696268237441 1.665228928568734 -0.5620395929650689 1.8775520174774525 1.5603430591658287
-0.3930324616503222 0.05393488704455316 0.9032419748695405 -0.3930324616503222 0.05393488704455316 0.9032419748695405
3.3861148901778866 4.454917939911977 0.7079658829849641 3.3861148901778866 4.454917939911977 0.7079658829849641
3.0024366262421545 -3.1216931963451833 0.2674195752337883 3.0024366262421545 -3.1216931963451833 0.2674195752337883
1.6411337476494927 0.20063863071414226 -3.291949405221811 1.6411337476494927 0.20063863071414226 -3.291949405221811
-4.565406803548846 2.1616008156709325 -0.5635373717169916 -4.565406803548846 2.1616008156709325 -0.5635373717169916
2.808856550759418 1.1013779309460523 -0.06525573895522604 2.9780582254155843 0.89157153878616 0.2911230783648045
-1.4023807229323375 -1.65717643269003 -1.7534387830452334 -1.4023807229323375 -1.65717643269003 -1.7534387830452334
-0.3965373457518188 0.6825651947766624 -1.2087329833725375 -0.006290976434796869 0.36420514792744485 -1.372826440474114
1.98009502999768 -1.3151054791999923 -0.34590072419408446 2.0391288436868935 -1.0929702816624178 -0.7933637148692836
-1.5175466186763127 -0.7745611031135529 -1.118147720968519 -1.5175466186763127 -0.7745611031135529 -1.118147720968519
1.032155766621802 -1.3006405860965549 3.072912835408026 1.0228301129388109 -1.2099871980782506 3.0375110708676485
3.5235546438524823 -7.157660435797145 0.6169377076332602 3.5235546438524823 -7.157660435797145 0.6169377076332602
0.37743711259543794 -0.6782149707337493 -3.5067315662538925 0.37743711259543794 -0.6782149707337493 -3.5067315662538925
1.380770604560756 -0.14957939425513336 2.244257973699409 1.380770604560756 -0.14957939425513336 2.244257973699409
5.045297274497137 1.9922371904591687 3.9710894092138793 5.045297274497137 1.9922371904591687 3.9710894092138793
2.9780582254155843 0.89157153878616 0.2911230783648045 2.814436120846349 1.9865006683071647 0.11599900089504656
-0.35151662879052314 0.5583500560017112 0.5774333238803584 -0.14393330068793905 0.9741838073261517 0.05503733008126949
-1.0509972641293133 -0.9537656385111524 1.266951450073925 -1.0509972641293133 -0.9537656385111524 1.266951450073925
2.8423987689323402 0.7031653734479203 -1.207630141029108 2.8423987689323402 0.7031653734479203 -1.207630141029108
0.28501115969028 3.9144833994140225 3.147337041419795 0.28501115969028 3.9144833994140225 3.147337041419795
-3.5532742231906025 -0.06869280209788678 0.6260570949477315 -3.5532742231906025 -0.06869280209788678 0.6260570949477315
-0.9671499936630249 -0.9383838635134447 2.7122062407500547 -1.0395871961601515 -0.9983719387041364 2.1324322423982007
-1.067990412546469 1.5232205414890498 0.6570308825849419 -1.067990412546469 1.5232205414890498 0.6570308825849419
3.4784339938182454 1.6485504479471527 -5.605002429018216 3.4784339938182454 1.6485504479471527 -5.605002429018216
0.6250497916183135 -3.8510814809479523 -1.4788554663725781 0.6274497144999217 -4.347040797854307 -1.5198121282784358
0.6796122218509929 0.9674705638603585 -0.042761699019777666 1.3394080819839989 0.9619054445006835 0.0013040375085865696
1.5206911979220274 -0.05031609059805743 2.791244199323883 1.5206911979220274 -0.05031609059805743 2.791244199323883
-3.9493812562970865 1.01742983969358 -0.4122290128165103 -3.9493812562970865 1.01742983969358 -0.4122290128165103
0.09088586392859975 -0.4772986526324821 3.1740946999133746 0.09088586392859975 -0.4772986526324821 3.1740946999133746
-3.9918309499750766 -1.979691078904988 -2.2391250586727036 -4.183073293136653 -1.9515481889400854 -1.759723331988589
2.814436120846349 1.9865006683071647 0.11599900089504656 2.6936533013589794 1.4532039233267426 -0.05587143711755507
-2.615805832070651 -2.909905432702506 1.6016875281134437 -2.615805832070651 -2.909905432702506 1.6016875281134437
2.950844143966034 1.7301142151523516 1.6944465911826747 2.950844143966034 1.7301142151523516 1.6944465911826747
-1.7636943576856396 3.3673574115917106 -2.9183624830353727 -1.7636943576856396 3.3673574115917106 -2.9183624830353727
-0.3150674327365859 0.04595414866574543 -0.9321241203461628 -0.17465902558534852 -0.09250961433213956 -1.0944528854818876
-4.423170978452706 -1.0487182671058655 3.1339381417760217 -4.423170978452706 -1.0487182671058655 3.1339381417760217
0.6884611998541602 -2.6226142545251716 -0.900516756413193 0.6884611998541602 -2.6226142545251716 -0.900516756413193
4.319452295408467 4.069784643871559 -3.7372903043037 4.319452295408467 4.069784643871559 -3.7372903043037
0.7173348851315883 -0.1555360215331403 1.9135682776002092 0.7173348851315883 -0.1555360215331403 1.9135682776002092
1.4401493120784625 0.37028128246879694 -3.401480324779081 1.4401493120784625 0.37028128246879694 -3.401480324779081
3.5049982396648436 -2.877887178722467 0.6983407514350617 3.5049982396648436 -2.877887178722467 0.6983407514350617
0.7696255906270508 1.5114102987704485 1.7053114894180197 0.4171130369292192 1.4623279179763495 1.5466287656114277
-0.7906783010623423 0.30702544202397203 0.9426617159579138 -0.7970574068753192 0.031037197618502765 0.9902928006668414
2.956693789466057 -1.2428876706083505 1.6689670154536151 2.956693789466057 -1.2428876706083505 1.6689670154536151
5.814844845561097 -4.477500421811659 2.820634629977467 5.814844845561097 -4.477500421811659 2.820634629977467
1.1317690008647274 1.4338035368144244 -1.728128645347565 1.1317690008647274 1.4338035368144244 -1.728128645347565
-0.3426542121971585 2.6252038962264344 0.9759852204108892 -0.3426542121971585 2.6252038962264344 0.9759852204108892
-2.347901053289718 0.10386443205142436 -1.2953334164588306 -2.347901053289718 0.10386443205142436 -1.2953334164588306
2.7170398768161417 1.3229773048156444 3.1420260150490127 2.7170398768161417 1.3229773048156444 3.1420260150490127
0.49473204805223037 3.1361267656987972 -1.3769168297487344 0.49473204805223037 3.1361267656987972 -1.3769168297487344
-2.5755221115452227 0.3274973495343695 -1.6320667350327756 -2.5755221115452227 0.3274973495343695 -1.6320667350327756
3.6466759076870146 2.8974698593921246 3.5842755704549614 3.6466759076870146 2.8974698593921246 3.5842755704549614
-0.5515512393669368 1.7078350149873733 -0.1014423736364908 -0.5515512393669368 1.7078350149873733 -0.1014423736364908
-0.17002942935444745 1.6685604499726499 -1.3682096941168227 0.6265293891606054 1.7068235505684493 -1.4875396085398427
2.257839102479883 -0.333671564771211 -2.3342381005336788 2.257839102479883 -0.333671564771211 -2.3342381005336788
-2.0663148551754356 -4.506283598750321 2.749513944763618 -2.0663148551754356 -4.506283598750321 2.749513944763618
1.1472997018458932 -0.963403001835351 1.9439877094952027 1.1472997018458932 -0.963403001835351 1.9439877094952027
-0.7199237213469822 -0.2005523865279466 -0.22186228850519263 -1.2003927467552193 -0.4918474209685254 0.4568501741364394
-0.2595391913806484 0.2329416394228681 -0.7236685597703638 -0.800593150147086 0.0755924688898299 -1.0157430405020362
-0.6829903771607515 -2.2459756372459005 -0.21722089634494218 -0.6829903771607515 -2.2459756372459005 -0.21722089634494218
-4.897546725960065 -2.4937104605138134 0.5118894792330271 -4.897546725960065 -2.4937104605138134 0.5118894792330271
-1.419073561500164 -1.8000309977271105 -0.42419277254766136 -1.419073561500164 -1.8000309977271105 -0.42419277254766136
2.5700158337072505 1.7620648412736597 0.3723861910900776 2.307457861208304 1.9723762367987079 0.44285637690395196
0.031389328004874734 -0.965783094518952 -1.8318029170302783 0.031389328004874734 -0.965783094518952 -1.8318029170302783
-1.4383987610513653 0.5591148063747827 -0.2784630143927942 -1.4691655679819353 0.03961511248808702 -0.22248786726256886
2.143823284036047 2.6517034378806383 1.5920437127479166 2.143823284036047 2.6517034378806383 1.5920437127479166
3.587519230791355 -0.48560107570287164 1.1354579893577255 3.587519230791355 -0.48560107570287164 1.1354579893577255
0.004582523950967362 0.3488541344062226 0.5569660670957192 0.18716359260593482 0.8185181343695692 0.15302351924210533
1.7909463829387324 -0.722818462696346 -4.1581863262977325 1.7909463829387324 -0.722818462696346 -4.1581863262977325
0.8639988091915725 1.429548418740582 3.4103561111577085 0.8639988091915725 1.429548418740582 3.4103561111577085
-1.0236165286537737 -0.3102323897708626 -0.02045407086999229 -1.238333433900391 -0.3602502052473222 -0.3363175679253946
-2.6710163016714454 -0.3500663964167019 -1.4231153987090308 -2.6710163016714454 -0.3500663964167019 -1.4231153987090308
-1.7852910561097135 3.94459964941571 -2.2412236982515887 -1.7852910561097135 3.94459964941571 -2.2412236982515887
-1.3910462325530906 -1.1209615249748717 0.9583006867561913 -1.3910462325530906 -1.1209615249748717 0.9583006867561913
-2.7503270110540408 4.458316491056492 -1.4848247935188046 -2.508532850985147 4.490938533049157 -1.293841898265794
-1.5506937416801174 1.2750091759256612 -0.3808906158530189 -1.6785049222732462 0.7556831300368783 -0.3566853564278047
0.10358915865065652 6.768038930949362 -3.1928414532108738 0.10358915865065652 6.768038930949362 -3.1928414532108738
0.5595202134452768 0.3481198116167378 -0.09573595199669814 0.2666526312076477 0.294379531752736 0.5824644872902535
1.6682957865553893 -1.1604089637679635 2.0780225329048863 1.8372549782427428 -1.2709249763436912 2.3727543616761295
-0.9579592740585456 0.6930898604994925 3.7578328200290887 -0.9579592740585456 0.6930898604994925 3.7578328200290887
3.3764712598665465 1.8471085303430737 -0.5876214082418132 3.3764712598665465 1.8471085303430737 -0.5876214082418132
-2.5039862631665395 4.851526932161005 -5.723979665240885 -2.5039862631665395 4.851526932161005 -5.723979665240885
0.8206188191370406 0.7657578218050461 2.53778597801283 0.9125042849689171 0.5293963059784719 2.7399798151264556
2.6793240475029925 3.2919045110735587 0.016419265168127507 2.6793240475029925 3.2919045110735587 0.016419265168127507
0.9867438626300747 2.345324689061281 -6.960276022820149 0.9867438626300747 2.345324689061281 -6.960276022820149
1.3394080819839989 0.9619054445006835 0.0013040375085865696 1.0261143383633167 1.1790798956402875 0.15450981707839195
0.22657657375843887 -2.2696804603171317 1.802283147399712 0.22657657375843887 -2.2696804603171317 1.802283147399712
2.61911708267449 -1.3329954844299752 0.24887997057297792 2.61911708267449 -1.3329954844299752 0.24887997057297792
0.42840338023820146 0.7390687366578188 -0.5272321511489153 0.11836100232485255 0.6829764632727641 -0.5036202255503162
0.4233334661274183 -2.776020787917455 0.9417332229873545 0.4233334661274183 -2.776020787917455 0.9417332229873545
-3.0705124081598476 -0.2805327460107788 -1.614568304193619 -3.0705124081598476 -0.2805327460107788 -1.614568304193619
1.1905415897263272 1.2015098482350006 1.3665317731997493 1.0634624184863932 1.5412679576892652 1.1164225981003821
4.6477099129974775 -2.8520579510283786 1.8220144622046806 3.9940255032114242 -2.9127742437097206 1.9877742142575934
0.9601334808895653 -0.8214486614575255 0.1320762725706443 1.2544407367854946 -0.13437968850332138 -0.3061397165631218
-0.5700674668862517 -2.7420877790555314 2.0574112370131656 -0.5700674668862517 -2.7420877790555314 2.0574112370131656
0.8021063343464413 4.265231786519347 -1.7060777355766217 0.8021063343464413 4.265231786519347 -1.7060777355766217
-1.3805564905016392 0.6460464780266305 0.09073550791245338 -1.3805564905016392 0.6460464780266305 0.09073550791245338
2.7518354677026173 -2.6594265403451933 -0.26445891421774986 3.0751702968663244 -2.101143231965182 -0.18111086309224336
-1.4212099533142453 0.74456889067961 -0.25582664533580973 -1.3490274078688764 0.49457530371518094 -0.5314628123432086
-1.1412354833697347 0.2757181737823558 -0.264709231700213 -1.1412354833697347 0.2757181737823558 -0.264709231700213
0.2680152533300164 0.11824837215012268 0.9624829062806403 -0.026235091995407356 0.6229547523441332 0.660908208055264
-1.0409242788022777 0.05403340353661473 1.27802470596574 -0.7906783010623423 0.30702544202397203 0.9426617159579138
3.930923166775739 -0.9346520173079385 1.4915332208785155 3.930923166775739 -0.9346520173079385 1.4915332208785155
-0.12291517333126295 1.8654996059064832 -0.8285804306729857 -0.12291517333126295 1.8654996059064832 -0.8285804306729857
2.4584174799310405 -0.10589688301020575 0.45430286822259447 2.41379257532525 0.1119775033085938 0.6187914791517238
-1.3853701826458813 -1.0977152729591755 -5.517454709499797 -1.3853701826458813 -1.0977152729591755 -5.517454709499797
4.523426484184923 0.21520345977629138 -4.248169670378107 4.523426484184923 0.21520345977629138 -4.248169670378107
1.7448242825613076 0.39941600396153726 -0.6123090231216363 1.6121431361529082 0.1599238297753558 -0.7280808493608883
-0.12503761231172303 2.312390775097729 -2.656256031848224 -0.12503761231172303 2.312390775097729 -2.656256031848224
-4.033393186818874 -4.04857729119812 1.5424245563024332 -4.033393186818874 -4.04857729119812 1.5424245563024332
-0.9605842619693881 2.1966665299353507 1.6242146556900097 -1.1341333391814397 2.1297840382749658 1.6983774541873478
1.0641089492396774 1.7773517523056022 -1.5464454960686342 1.0641089492396774 1.7773517523056022 -1.5464454960686342
-1.6365311510211777 4.818396883897814 -0.0013929044935611418 -1.6365311510211777 4.818396883897814 -0.0013929044935611418
-4.048220670150771 -1.6677224815308602 1.1396633779812593 -4.048220670150771 -1.6677224815308602 1.1396633779812593
-0.5672802741430614 -0.5738506930913909 -2.720935950710231 -0.5672802741430614 -0.5738506930913909 -2.720935950710231
3.1257044890409027 -4.465390970266666 0.2982366940288566 3.1257044890409027 -4.465390970266666 0.2982366940288566
0.6748849219493194 -0.8066757073257297 -3.974857648580773 0.6748849219493194 -0.8066757073257297 -3.974857648580773
-2.008704736364301 -0.6515833801393668 -4.467539956451903 -2.008704736364301 -0.6515833801393668 -4.467539956451903
0.837647301999927 -3.050134112121262 3.951574682145948 0.837647301999927 -3.050134112121262 3.951574682145948
1.0515879274792668 -1.7138046576025916 -0.20301555817214306 1.1757248328345251 -1.6815550039927085 0.34943549609375324
-1.0033017731461429 1.9695133665951599 -4.201262593653161 -1.0033017731461429 1.9695133665951599 -4.201262593653161
-0.20291235490431708 -0.8899260167904235 1.1132659914195342 -0.2655063315787254 -1.0426645289772736 0.911563720018056
-1.7462701753438852 -0.8462333610974218 0.290738222641717 -1.7462701753438852 -0.8462333610974218 0.290738222641717
-3.673182418644877 -0.10243825840927824 -2.44537467539179 -3.673182418644877 -0.10243825840927824 -2.44537467539179
-0.7391261587255789 0.7435254222353507 0.13410774187564994 -0.07098290764506565 0.3032125329877873 0.0879148666453431
0.07434543991083625 -0.16850060867820543 -0.27663882108376164 0.05610086543870355 -0.7218374851313063 -0.013662139689971316
-2.4121796619637856 -0.32135644263465424 0.6673701805629523 -2.4121796619637856 -0.32135644263465424 0.6673701805629523
-1.849382526395117 -0.07529586773082382 -3.553079263688106 -1.3888920968091978 -0.030458514581134376 -3.60433387273722
-0.047357394766241345 1.956919563023124 -1.6690100817568614 -0.14046137650904614 2.0179577661952406 -1.7705014569560527
-2.524283238393967 2.3294574259345695 0.949754216850767 -2.524283238393967 2.3294574259345695 0.949754216850767
-1.7135533108694434 -0.8046792360487965 -0.16988570188855345 -1.8051044266832474 -0.6294032298688716 0.2759748514394629
3.154034547730351 -0.4037619693910606 0.8535452030034333 3.154034547730351 -0.4037619693910606 0.8535452030034333
-0.16110700796254354 -0.16512833903314456 0.330426258509593 -0.16110700796254354 -0.16512833903314456 0.330426258509593
-0.7331038708846477 0.2478389968479544 3.7234249967120903 -0.7331038708846477 0.2478389968479544 3.7234249967120903
-0.6068838842175946 1.6017188443153711 -0.21982499120164356 -0.9358660683630011 1.658985152372558 0.11135173021381786
-1.4748109946039545 0.5112335593137269 -0.8735746710245293 -0.7866073068665338 1.0987776414126587 -0.12416185732728646
1.387484790576308 -2.675299169125727 -3.718446871691751 1.387484790576308 -2.675299169125727 -3.718446871691751
-1.8210333096610682 0.9230212891149475 3.7011026640942615 -1.8210333096610682 0.9230212891149475 3.7011026640942615
-1.9673197399833355 -0.29976929456810286 -2.7007677840923563 -1.9673197399833355 -0.29976929456810286 -2.7007677840923563
-0.16707564469574132 1.9916156001439207 -0.7222001517209563 0.2175205709160932 1.69403073767715 -0.49810913657732747
0.5932943033198845 4.707559062389618 -1.1479850057295782 0.5932943033198845 4.707559062389618 -1.1479850057295782
-0.057144605375298946 -0.5706617119624271 0.5169957263926558 0.3732396895684291 -0.7739641432539894 0.31131297787871476
-1.6366622540225306 0.6950479808992104 -0.41769650429065697 -1.5455681477917809 0.5891788402424398 -0.40298559201537604
2.191690804684783 -1.0336162948049803 1.9902182316775627 2.191690804684783 -1.0336162948049803 1.9902182316775627
0.9763230528016669 2.6486117592093477 0.3587432512066269 0.9763230528016669 2.6486117592093477 0.3587432512066269
-0.006290976434796869 0.36420514792744485 -1.372826440474114 -0.24975987304823247 -0.1544455156552221 -1.2083673973409745
-1.4997080066910213 0.8904723477677423 0.03434040899225829 -1.4997080066910213 0.8904723477677423 0.03434040899225829
2.2761322784076436 0.7489064060093676 -3.033643633213575 2.2761322784076436 0.7489064060093676 -3.033643633213575
0.14233685445162142 -0.3895498253016526 0.039684494483724145 0.6186995902560352 -0.15530400396836597 0.20537903979753838
2.006718506279942 2.316160828594884 2.2491558975290014 2.006718506279942 2.316160828594884 2.2491558975290014
-2.435853262408681 -0.8942784402098829 0.9350947810226391 -3.054839650796166 -0.3910153857161772 1.1385822956243952
3.802501485990097 1.2402261321324255 -3.936882409152767 3.802501485990097 1.2402261321324255 -3.936882409152767
-1.0366474415030236 1.5968781631553866 0.49990127610950885 -0.9383558886945907 1.8009051519221952 0.8340992381863206
-0.4090332194160726 -0.5606878348987491 1.21161387903555 -0.057144605375298946 -0.5706617119624271 0.5169957263926558
0.0006119578900600213 1.283796842368093 2.391125974366357 0.0006119578900600213 1.283796842368093 2.391125974366357
-0.22208277304689528 0.4337872515973137 0.8352811870691861 -0.32912384508491094 0.7116585910437554 1.0073337423444684
-0.4646428554319628 1.2644368451200507 0.7044263671184243 -0.6757737151374139 0.7853685130024604 0.7735932789896122
1.4652698585720418 -2.295692731259834 0.05221773989978656 1.4652698585720418 -2.295692731259834 0.05221773989978656
0.08791122661270091 -0.5336137205292881 -4.683798518397366 0.08791122661270091 -0.5336137205292881 -4.683798518397366
2.313039010260949 -1.3918764438191675 -1.914671253620172 2.313039010260949 -1.3918764438191675 -1.914671253620172
-1.3925179468011482 -2.4246868824708994 -3.026155858546704 -1.3925179468011482 -2.4246868824708994 -3.026155858546704
-1.3490274078688764 0.49457530371518094 -0.5314628123432086 -1.4212099533142453 0.74456889067961 -0.25582664533580973
-1.1011145841712473 3.72744760818999 -2.4199911281537005 -1.1011145841712473 3.72744760818999 -2.4199911281537005
5.206851104884152 2.3084295885053856 4.097480430775412 5.372412024259558 2.070952211212054 4.104320698675449
0.31678648133263776 -0.9982833290088762 0.14014028033640602 0.14233685445162142 -0.3895498253016526 0.039684494483724145
-0.33567198753180927 -0.2756395126749871 0.7317978038595955 0.19118838780451713 -0.7838445594170476 0.10121019968394573
-0.1448710086549495 -1.2360371341797676 -0.3736169746800618 -0.1448710086549495 -1.2360371341797676 -0.3736169746800618
-2.3151555353749154 0.4047630833449384 4.387803224010383 -2.3151555353749154 0.4047630833449384 4.387803224010383
-0.8282372718539045 -4.648924678438971 -0.46425766171809896 -0.8282372718539045 -4.648924678438971 -0.46425766171809896
1.1242349355989707 0.4697531873005805 -0.7470703329433362 1.1242349355989707 0.4697531873005805 -0.7470703329433362
-0.14393330068793905 0.9741838073261517 0.05503733008126949 0.09841865842557727 0.8284356786108761 0.825871108728651
2.7375391250970376 2.9014248753620917 -3.1786593811881922 2.7375391250970376 2.9014248753620917 -3.1786593811881922
6.356967410959945 -0.668295263907745 2.3785863217914955 6.356967410959945 -0.668295263907745 2.3785863217914955
1.5815951555452126 1.543702322526994 -2.390356858094855 1.5815951555452126 1.543702322526994 -2.390356858094855
-1.3888920968091978 -0.030458514581134376 -3.60433387273722 -1.849382526395117 -0.07529586773082382 -3.553079263688106
3.4398949656498092 1.756520860759188 5.369072369749787 3.4398949656498092 1.756520860759188 5.369072369749787
-0.01705304639545934 1.960450732647995 -0.7060702487061542 -0.16707564469574132 1.9916156001439207 -0.7222001517209563
0.12849753478521928 1.7748817861517072 -4.0842851598188785 0.12849753478521928 1.7748817861517072 -4.0842851598188785
-0.032078200435306375 4.549436941749396 -0.9451009094173741 -0.032078200435306375 4.549436941749396 -0.9451009094173741
1.034555579798423 -0.3981156664926153 -0.4256325362204342 0.31678648133263776 -0.9982833290088762 0.14014028033640602
4.528452320103152 5.71823844279124 -0.4832794033052467 4.528452320103152 5.71823844279124 -0.4832794033052467
-2.967108243727447 -0.5322672178739228 -0.24247549465832502 -2.967108243727447 -0.5322672178739228 -0.24247549465832502
-4.574872239322853 -0.7391850411649018 3.0278549181018133 -4.574872239322853 -0.7391850411649018 3.0278549181018133
0.9742981244545391 -3.2263184816739217 2.658821483114126 0.9742981244545391 -3.2263184816739217 2.658821483114126
2.41379257532525 0.1119775033085938 0.6187914791517238 2.4584174799310405 -0.10589688301020575 0.45430286822259447
1.1292418931377004 0.2266577502830792 -1.842640344915734 1.1292418931377004 0.2266577502830792 -1.842640344915734
3.01351588934754 1.601703089083371 1.827787992901674 3.205820189516505 1.453033050120804 1.7358676535579158
1.2507938534643843 -1.7710646165934953 -0.1796031370801115 1.0515879274792668 -1.7138046576025916 -0.20301555817214306
1.367670747451864 -0.4905801463721172 0.16642127596133224 1.2669141238600004 -0.5433653455287273 0.011966635733090729
-0.7877771683075026 -0.19520927942006563 1.942440053896343 -0.7877771683075026 -0.19520927942006563 1.942440053896343
-3.291292079767208 -1.1708889935814595 0.6684351785455381 -3.291292079767208 -1.1708889935814595 0.6684351785455381
-0.24350955820302103 4.6881987725922745 -1.7769601518500235 -0.24350955820302103 4.6881987725922745 -1.7769601518500235
-0.49311714801042056 -3.387520828167497 -1.3884220790847446 -0.49311714801042056 -3.387520828167497 -1.3884220790847446
0.3732396895684291 -0.7739641432539894 0.31131297787871476 0.8490124852084975 -0.595616086251635 0.14491809532865013
-5.9920442838555 -2.618176224435412 0.8262104476083213 -5.9920442838555 -2.618176224435412 0.8262104476083213
3.0823113940878333 -1.0414788252310467 -0.6777995451448021 3.0823113940878333 -1.0414788252310467 -0.6777995451448021
2.9707274061254423 3.2228671609409583 -2.603135513840446 2.9707274061254423 3.2228671609409583 -2.603135513840446
2.4877813162882627 1.3221892991365618 -0.3898100218707797 2.808856550759418 1.1013779309460523 -0.06525573895522604
-1.6712878506342679 -0.8171610171104418 1.3986724037966827 -1.6712878506342679 -0.8171610171104418 1.3986724037966827
6.15382296810852 3.0043601550877104 2.0279260251728566 6.15382296810852 3.0043601550877104 2.0279260251728566
-0.2655063315787254 -1.0426645289772736 0.911563720018056 -0.344118831644925 -0.4847491730904046 0.9239762672479039
-0.9383558886945907 1.8009051519221952 0.8340992381863206 -1.0366474415030236 1.5968781631553866 0.49990127610950885
1.2678574697038423 0.2341816827171695 -0.64182644456981 1.034555579798423 -0.3981156664926153 -0.4256325362204342
0.5491114170406822 1.1339104804805265 2.7003567132032598 0.5491114170406822 1.1339104804805265 2.7003567132032598
-2.1374085136322387 1.442714897233104 1.0232915908549458 -2.1374085136322387 1.442714897233104 1.0232915908549458
1.295606097218977 0.7342712164830211 1.1166533621430574 1.4555659533138412 0.8732969794177536 1.173564092287072
-1.6785049222732462 0.7556831300368783 -0.3566853564278047 -1.4383987610513653 0.5591148063747827 -0.2784630143927942
0.1723634781669124 0.8674343911989256 -0.19840232337387792 0.0822496952197649 0.8593092494406652 -0.3267713964104169
-3.054839650796166 -0.3910153857161772 1.1385822956243952 -2.435853262408681 -0.8942784402098829 0.9350947810226391
3.0839758266358412 -1.1813242818906244 -4.42308184345678 3.0839758266358412 -1.1813242818906244 -4.42308184345678
2.1155654732082874 -2.9720729152235 -3.418166978274849 2.1155654732082874 -2.9720729152235 -3.418166978274849
-0.7866073068665338 1.0987776414126587 -0.12416185732728646 -0.7391261587255789 0.7435254222353507 0.13410774187564994
-1.6577669736471443 2.4862226608134885 1.4332373093727206 -1.6577669736471443 2.4862226608134885 1.4332373093727206
0.29824011195446043 0.46319085416138855 -1.0203916337932002 0.29824011195446043 0.46319085416138855 -1.0203916337932002
-1.0113057072412523 0.9336685805795889 -5.908937654846666 -1.0113057072412523 0.9336685805795889 -5.908937654846666
1.3261294678829354 -2.7629072163887645 -0.1734207543518377 1.3261294678829354 -2.7629072163887645 -0.1734207543518377
-1.4266784954544185 1.067798921644572 2.85313763388162 -1.4266784954544185 1.067798921644572 2.85313763388162
0.1777932515468415 0.18162849833193423 0.04397108661071612 0.5595202134452768 0.3481198116167378 -0.09573595199669814
-1.238333433900391 -0.3602502052473222 -0.3363175679253946 -1.3446230955769025 -0.48312421091803437 -0.4311896900101026
-0.5620395929650689 1.8775520174774525 1.5603430591658287 -0.5916452753997136 1.604696268237441 1.665228928568734
-1.5949484407347803 -1.8882417971310028 -2.373545158556188 -1.199990348144099 -1.8633707002252526 -2.7693529338165623
-1.1015038309391192 -4.241769321818051 0.255627962542423 -1.1015038309391192 -4.241769321818051 0.255627962542423
-0.4126824727433566 -3.10437137697331 2.915417363485755 -0.1867022377358964 -3.2002992111029367 2.809459625850116
-0.0014095440129884285 0.8771226649278292 -0.5234202850854903 0.1723634781669124 0.8674343911989256 -0.19840232337387792
2.3218917944109023 -2.115451917295634 1.7315450511899169 2.3218917944109023 -2.115451917295634 1.7315450511899169
-0.18581387396743973 -1.1196784984131938 1.024519825280136 -0.18581387396743973 -1.1196784984131938 1.024519825280136
3.0751702968663244 -2.101143231965182 -0.18111086309224336 2.7518354677026173 -2.6594265403451933 -0.26445891421774986
-3.198602333055424 0.11759999611060648 -3.0626554638879 -3.198602333055424 0.11759999611060648 -3.0626554638879
-0.32912384508491094 0.7116585910437554 1.0073337423444684 -0.63126428018572 1.1460802258033318 1.0118374916026118
-0.7107370553219222 0.2353111777427391 0.7629794716032522 -0.5330926233020996 0.31626069937758283 0.7167506123264155
7.212506901580784 0.5730950981909312 1.8735000099622798 7.212506901580784 0.5730950981909312 1.8735000099622798
0.2666526312076477 0.294379531752736 0.5824644872902535 0.2680152533300164 0.11824837215012268 0.9624829062806403
-1.1152586201790662 -0.9539766371327038 -0.44150940239492065 -1.1152586201790662 -0.9539766371327038 -0.44150940239492065
-0.043541069042111996 1.3784177605593153 4.389170441248725 0.1097040722183712 1.5823852374733547 4.094560581423163
0.9027859571975922 -2.459219463132669 3.93353266198948 0.8768547342072244 -2.523676940887224 4.112378149490033
-1.9811799783902928 3.9841334019470116 -1.180848348553586 -1.9811799783902928 3.9841334019470116 -1.180848348553586
-1.9629005820669776 -0.37527384262868846 -2.428447391407424 -1.9629005820669776 -0.37527384262868846 -2.428447391407424
-0.7191852676508806 -1.8821963562684347 1.1660151587112997 -0.7191852676508806 -1.8821963562684347 1.1660151587112997
3.9769344175825476 0.8793586016659696 -5.5258396875211915 3.9769344175825476 0.8793586016659696 -5.5258396875211915
0.4555310515094578 0.6501895428346525 0.6419600768496111 0.7022730994418003 0.5967697596148511 0.39559234759494466
-0.9358660683630011 1.658985152372558 0.11135173021381786 -0.4602399339010923 1.5472852204782206 0.04667218410391076
