-1.6506336029084079 -1.6769732675790507 -5.434729051998337 -1.6506336029084079 -1.6769732675790507 -5.434729051998337
-1.0827777848034972 -1.2023314230547482 -5.328262624981858 -1.0827777848034972 -1.2023314230547482 -5.328262624981858
-0.16063915775286186 -0.7586125884433067 3.2509426179906464 -0.16063915775286186 -0.7586125884433067 3.2509426179906464
-1.1678054770507271 0.4172541543884766 0.42081349827114034 -1.1678054770507271 0.4172541543884766 0.42081349827114034
0.1454352481499262 -1.460956382589373 -3.2378206122404993 0.1454352481499262 -1.460956382589373 -3.2378206122404993
-0.2758091326758885 0.6441688087723837 -0.007447192402102133 -0.2758091326758885 0.6441688087723837 -0.007447192402102133
-0.2923684787219088 -0.3247910555021008 9.118924683500664 -0.2923684787219088 -0.3247910555021008 9.118924683500664
0.9982415158544518 -2.7944484152994216 -3.1485980327445047 0.9982415158544518 -2.7944484152994216 -3.1485980327445047
-1.4793092530651761 -1.394164955116869 -1.619613367365224 -1.4793092530651761 -1.394164955116869 -1.619613367365224
0.39335707527953145 0.3162531653567694 -2.804313813009271 0.39335707527953145 0.3162531653567694 -2.804313813009271
0.8922302406462218 -0.5306902167184714 5.080222572032228 0.8922302406462218 -0.5306902167184714 5.080222572032228
0.42436843988901124 0.08584352020035202 7.718425693609739 0.42436843988901124 0.08584352020035202 7.718425693609739
-0.1663122892636591 -0.5218849651606552 -2.2345051703267576 -0.1663122892636591 -0.5218849651606552 -2.2345051703267576
0.9674171587036493 0.5744249744513652 -2.8632946736916574 0.9674171587036493 0.5744249744513652 -2.8632946736916574
-1.1775771089623523 -1.8492395931718144 -13.221266729662974 -1.1775771089623523 -1.8492395931718144 -13.221266729662974
0.03174428686511424 1.7277023808189664 0.8815471660440566 0.03174428686511424 1.7277023808189664 0.8815471660440566
0.2887032355477509 0.974384970942321 -4.457043855688392 0.2887032355477509 0.974384970942321 -4.457043855688392
-0.41562084010143935 0.4850240710423306 2.989749755134143 -0.41562084010143935 0.4850240710423306 2.989749755134143
-1.6399696333599871 2.814488283664517 -4.258579894705372 -1.6399696333599871 2.814488283664517 -4.258579894705372
-1.2274216451496798 -0.8453599038145995 5.184880130753823 -1.2274216451496798 -0.8453599038145995 5.184880130753823
0.4472454987464845 -1.824790893591719 -3.6495253638801533 0.4472454987464845 -1.824790893591719 -3.6495253638801533
0.2933966856929183 1.8412812426586826 -4.972835508564196 0.2933966856929183 1.8412812426586826 -4.972835508564196
1.3534793593954297 -2.170269427758756 6.041544242816978 1.3534793593954297 -2.170269427758756 6.041544242816978
0.08972030963128792 -3.2084131859957457 3.6930204955202584 0.08972030963128792 -3.2084131859957457 3.6930204955202584
-2.8102057475108864 2.310450023344296 1.8667749356401901 -2.8102057475108864 2.310450023344296 1.8667749356401901
-1.484630382349266 -0.2564527531149128 -0.5645054873885078 -1.484630382349266 -0.2564527531149128 -0.5645054873885078
1.7910377355147815 0.2360627469717983 -1.1573705942428159 1.7910377355147815 0.2360627469717983 -1.1573705942428159
0.19087466059424757 2.5109357155837033 8.411411781810793 0.19087466059424757 2.5109357155837033 8.411411781810793
0.9299264846500827 1.1610153408828157 1.9980215522737255 0.9299264846500827 1.1610153408828157 1.9980215522737255
-1.6525008685742884 0.8446244976968601 3.561258703961343 -1.6525008685742884 0.8446244976968601 3.561258703961343
-1.3905182789632384 -0.5348580092285192 -2.5163732701056567 -1.3905182789632384 -0.5348580092285192 -2.5163732701056567
-1.5281903959444403 -2.267283364430657 1.0057334239642206 -1.5281903959444403 -2.267283364430657 1.0057334239642206
0.10610352822927174 1.403816702591177 -8.077027420777007 0.10610352822927174 1.403816702591177 -8.077027420777007
-2.2423767209824144 -1.964185036523611 0.6882591538414844 -2.2423767209824144 -1.964185036523611 0.6882591538414844
-0.05020476938004361 -1.440210578696918 -7.06308406952638 -0.05020476938004361 -1.440210578696918 -7.06308406952638
0.08962051270647568 1.9083069738604408 0.16795973745625964 0.08962051270647568 1.9083069738604408 0.16795973745625964
0.3399486758763579 -0.9332479974899212 2.6439838508080635 0.3399486758763579 -0.9332479974899212 2.6439838508080635
-0.13254524316034227 -0.7205559614400902 -1.9885424087782704 -0.13254524316034227 -0.7205559614400902 -1.9885424087782704
0.6554717564388038 -2.1363008837579587 5.874283455456027 0.6554717564388038 -2.1363008837579587 5.874283455456027
-1.9564906437193401 0.7444320261432613 10.213134354442206 -1.9564906437193401 0.7444320261432613 10.213134354442206
-1.1754014051351365 2.438530524547454 3.9533191482076298 -1.1754014051351365 2.438530524547454 3.9533191482076298
-0.807115497322341 -0.6073807484686169 4.774558934036009 -0.807115497322341 -0.6073807484686169 4.774558934036009
-0.24938161667552453 -1.0273914653556244 -2.3103418257051223 -0.24938161667552453 -1.0273914653556244 -2.3103418257051223
-1.6519279567633751 0.003289257403736129 3.985352411690525 -1.6519279567633751 0.003289257403736129 3.985352411690525
-0.807194209565952 0.927638294546779 3.497105720533165 -0.807194209565952 0.927638294546779 3.497105720533165
1.173938714852334 -1.013237210908669 1.994027373433304 1.173938714852334 -1.013237210908669 1.994027373433304
0.7569456520528653 -0.8826954181610973 2.395236144076614 0.7569456520528653 -0.8826954181610973 2.395236144076614
1.1723327587601637 -1.269805171791527 -0.7832037117615643 1.1723327587601637 -1.269805171791527 -0.7832037117615643
-1.9679933041018078 0.05764760030902047 -2.3717643945934164 -1.9679933041018078 0.05764760030902047 -2.3717643945934164
0.9398534746504901 1.5620408323085468 2.510023953808146 0.9398534746504901 1.5620408323085468 2.510023953808146
0.9694338227574799 -0.8254633022458333 1.9654073801289245 0.9694338227574799 -0.8254633022458333 1.9654073801289245
-0.9092983966312341 -1.08634261119392 -3.9652469260770804 -0.9092983966312341 -1.08634261119392 -3.9652469260770804
-0.7614889051316852 -0.044049695945591515 6.341748127785322 -0.7614889051316852 -0.044049695945591515 6.341748127785322
0.9608821275973544 -2.0803699986866993 3.731223659724361 0.9608821275973544 -2.0803699986866993 3.731223659724361
0.5141493426667426 -1.7256619835261235 4.557022266936215 0.5141493426667426 -1.7256619835261235 4.557022266936215
0.5570856725207252 -0.10815717079257589 -1.2785227670122201 0.5570856725207252 -0.10815717079257589 -1.2785227670122201
0.0024439352983191506 -0.2190826910129171 -5.058634260785123 0.0024439352983191506 -0.2190826910129171 -5.058634260785123
1.4068710134383284 1.4323145418159229 2.371397963403386 1.4068710134383284 1.4323145418159229 2.371397963403386
-0.9412018976523737 -0.2770359602649858 -0.8754143315544682 -0.9412018976523737 -0.2770359602649858 -0.8754143315544682
0.3469695921630502 -0.3148346175374817 -10.002579328884305 0.3469695921630502 -0.3148346175374817 -10.002579328884305
0.1668839880892739 -1.106643051284826 -2.941009060211857 0.1668839880892739 -1.106643051284826 -2.941009060211857
-3.7559813556726263 0.8255790547497553 0.9762365054432779 -3.7559813556726263 0.8255790547497553 0.9762365054432779
0.8539919438570053 0.795918363461599 -2.719593589177912 0.8539919438570053 0.795918363461599 -2.719593589177912
0.6710446612648227 1.0028393942069902 1.570277922025672 0.6710446612648227 1.0028393942069902 1.570277922025672
-0.8366976213172667 -0.1709214428429091 8.048635403727284 -0.8366976213172667 -0.1709214428429091 8.048635403727284
-0.26075564681794544 -0.07745230437211928 0.7314560006374571 -0.26075564681794544 -0.07745230437211928 0.7314560006374571
0.6731691447447647 0.016305040629451876 -9.434381625135051 0.6731691447447647 0.016305040629451876 -9.434381625135051
0.42818787371173234 -1.6132023904104864 -5.204928151859998 0.42818787371173234 -1.6132023904104864 -5.204928151859998
1.3390769206948443 3.994538857022663 2.079672811574282 1.3390769206948443 3.994538857022663 2.079672811574282
-0.30102251945758746 0.2557907559547008 7.883830841382209 -0.30102251945758746 0.2557907559547008 7.883830841382209
1.4160546479201723 -3.971697094351394 2.479766995433004 1.4160546479201723 -3.971697094351394 2.479766995433004
-0.1135421405582856 -2.0839714448080096 -1.5872919689158695 -0.1135421405582856 -2.0839714448080096 -1.5872919689158695
1.726485962192816 -1.2916539673775271 5.8095075582723865 1.726485962192816 -1.2916539673775271 5.8095075582723865
-0.7824414313794866 -0.6583889811898781 -1.6110375673563977 -0.7824414313794866 -0.6583889811898781 -1.6110375673563977
0.3873142229403116 0.9361935401744522 -0.7327649677456824 0.3873142229403116 0.9361935401744522 -0.7327649677456824
-0.3330041330797002 0.9852728055307948 -2.6311398978832865 -0.3330041330797002 0.9852728055307948 -2.6311398978832865
0.3861662992312636 0.9851440113809967 4.838609609729558 0.3861662992312636 0.9851440113809967 4.838609609729558
0.1559085320426372 1.8098400712975833 -2.6575620833027127 0.1559085320426372 1.8098400712975833 -2.6575620833027127
2.6805790268932985 -0.01286798205227796 0.4684953778635799 2.6805790268932985 -0.01286798205227796 0.4684953778635799
-0.6728070794900376 0.9753986521076955 -4.203127826409633 -0.6728070794900376 0.9753986521076955 -4.203127826409633
3.8804917993922246 2.314470555574485 -0.9224310863146105 3.8804917993922246 2.314470555574485 -0.9224310863146105
2.0019122378646625 -0.004795503398926972 -2.4506267448317365 2.0019122378646625 -0.004795503398926972 -2.4506267448317365
0.37737634163329004 0.28114548388054683 -0.04343365950232902 0.37737634163329004 0.28114548388054683 -0.04343365950232902
0.1334238752662801 -0.7704992902310394 1.5781412114934987 0.19872110817705782 -0.6623952837639413 1.8489069464699288
0.9980407256722503 0.06425117336635132 -1.9568683768849944 0.9980407256722503 0.06425117336635132 -1.9568683768849944
-0.006533725173084926 -0.8690538431861529 -2.351845857102893 -0.006533725173084926 -0.8690538431861529 -2.351845857102893
1.7978166504264836 0.7778762439076892 -3.9366889519479096 1.7978166504264836 0.7778762439076892 -3.9366889519479096
-1.730895085973422 0.612219633589281 4.311277444839177 -1.730895085973422 0.612219633589281 4.311277444839177
0.5883689562696728 0.1775040863987642 0.8112740573235181 0.5883689562696728 0.1775040863987642 0.8112740573235181
0.15515410875482777 3.119339023443253 6.9363214162737075 0.15515410875482777 3.119339023443253 6.9363214162737075
1.8402637330543559 -0.901207292049817 -2.0265159626113443 1.8402637330543559 -0.901207292049817 -2.0265159626113443
1.0274093900174628 -2.25900160687023 1.3362715764864688 1.0274093900174628 -2.25900160687023 1.3362715764864688
1.6410823516273376 0.9241081030612189 -4.695589350432289 1.6410823516273376 0.9241081030612189 -4.695589350432289
0.6058790637444016 -0.47929829199136337 -0.6352941692027932 0.6058790637444016 -0.47929829199136337 -0.6352941692027932
-0.38584759419510495 0.1822650936831016 3.194364282414935 -0.38584759419510495 0.1822650936831016 3.194364282414935
0.9485430407247077 1.2311497269868086 1.417336562498587 0.9485430407247077 1.2311497269868086 1.417336562498587
-1.2670174043683098 0.35339524531794186 3.9323451850872324 -1.2670174043683098 0.35339524531794186 3.9323451850872324
1.0526013572610153 -0.6677967077657264 3.705683439229576 1.0526013572610153 -0.6677967077657264 3.705683439229576
0.16501160830597952 1.3335192890854621 -8.595712473316238 0.16501160830597952 1.3335192890854621 -8.595712473316238
-1.6111616583577935 0.23723283672499934 0.7876793671046329 -1.6111616583577935 0.23723283672499934 0.7876793671046329
-1.0429862732709574 0.8198124598045624 -8.043155397678568 -1.0429862732709574 0.8198124598045624 -8.043155397678568
-0.8933428782350732 1.621118516726155 2.562188720715637 -0.8933428782350732 1.621118516726155 2.562188720715637
-0.4856188372461092 0.7971261028986273 7.264279555637269 -0.4856188372461092 0.7971261028986273 7.264279555637269
-0.9063191091226702 -1.6288527581105565 -8.876579871988849 -0.9063191091226702 -1.6288527581105565 -8.876579871988849
2.413809741874809 -3.3237292505922595 -3.6060084337363336 2.413809741874809 -3.3237292505922595 -3.6060084337363336
-0.8037996659313125 0.6869803619550486 5.088804935671533 -0.8037996659313125 0.6869803619550486 5.088804935671533
-0.33114420380805787 0.3506683006044783 3.829609872444017 -0.33114420380805787 0.3506683006044783 3.829609872444017
1.284075662620917 -1.7219393316834486 -4.152851850182705 1.284075662620917 -1.7219393316834486 -4.152851850182705
0.4321120783425364 -0.2802361976475819 2.2742087248924117 0.4321120783425364 -0.2802361976475819 2.2742087248924117
1.8684471526495008 0.17388526165221138 -0.9821573335067326 1.8684471526495008 0.17388526165221138 -0.9821573335067326
-0.3081002169006235 2.8003880702569512 -3.8338150124452546 -0.3081002169006235 2.8003880702569512 -3.8338150124452546
-0.45700642587727014 -0.12692194283398306 0.6378262501873296 -0.45700642587727014 -0.12692194283398306 0.6378262501873296
2.9141224641432286 1.4159487363068828 2.3805713538109337 2.9141224641432286 1.4159487363068828 2.3805713538109337
0.763058909614685 -2.0990301212342097 2.926260866794255 0.763058909614685 -2.0990301212342097 2.926260866794255
0.5363500474511637 -0.05882595387756751 -3.9095055702962833 0.5363500474511637 -0.05882595387756751 -3.9095055702962833
1.5449421963731622 0.49706191742635647 -0.4485585197022091 1.5449421963731622 0.49706191742635647 -0.4485585197022091
0.5115951360563082 0.5115322327813525 5.650678242724893 0.5115951360563082 0.5115322327813525 5.650678242724893
1.4726721421274347 -0.9960375245151377 2.3279716348610644 1.4726721421274347 -0.9960375245151377 2.3279716348610644
-1.041067822610476 -1.486428835863546 -7.07188852932006 -1.041067822610476 -1.486428835863546 -7.07188852932006
-1.5785918546052584 -1.1098228136526462 5.11802018662483 -1.5785918546052584 -1.1098228136526462 5.11802018662483
-0.07092770705327989 -1.1735845660523685 0.42885395709942625 -0.07092770705327989 -1.1735845660523685 0.42885395709942625
-1.6187927895140022 0.2757571449422526 -3.6893517503447706 -1.6187927895140022 0.2757571449422526 -3.6893517503447706
0.7946353565117484 0.5868499418091899 1.6019100827652237 0.7946353565117484 0.5868499418091899 1.6019100827652237
1.8517682149674597 0.046640469930560466 -2.229984902839002 1.8517682149674597 0.046640469930560466 -2.229984902839002
-2.8194492011494927 -2.3358119844762792 -2.247906689005661 -2.8194492011494927 -2.3358119844762792 -2.247906689005661
-2.3469972304279487 -0.6600694124061985 -7.314550789368357 -2.3469972304279487 -0.6600694124061985 -7.314550789368357
0.01384036805387887 1.5847758705816646 -5.63909842935683 0.01384036805387887 1.5847758705816646 -5.63909842935683
-0.10999947028646878 0.34539680593767463 4.69672356142512 -0.10999947028646878 0.34539680593767463 4.69672356142512
0.3893375814667186 -0.9464011416256893 -3.8333963532444506 0.3893375814667186 -0.9464011416256893 -3.8333963532444506
-1.325345693354162 1.1041714687001873 -2.5445921294640264 -1.325345693354162 1.1041714687001873 -2.5445921294640264
0.08417901649573481 1.2036324653804815 1.3500321039517298 0.08417901649573481 1.2036324653804815 1.3500321039517298
0.37251420729594076 -1.3398011817754698 -9.742146285622137 0.37251420729594076 -1.3398011817754698 -9.742146285622137
0.3515638045903974 0.3385581810294071 1.8977739635773758 0.4683020087195997 0.43854508190408026 1.674801473255121
0.3778695161919699 0.6078491330813528 -4.017774192018253 0.3778695161919699 0.6078491330813528 -4.017774192018253
0.8810259097581102 -1.363192305393239 3.2468140715323 0.8810259097581102 -1.363192305393239 3.2468140715323
1.9073143937776393 -0.22419847178233218 7.49517929624301 1.9073143937776393 -0.22419847178233218 7.49517929624301
-0.0314656463046165 -0.6169427205973801 -4.6280000480488 -0.0314656463046165 -0.6169427205973801 -4.6280000480488
0.5143785091459395 -1.4054789109703878 4.766705325476484 0.5143785091459395 -1.4054789109703878 4.766705325476484
0.6490274867629454 0.02397748990643773 6.493432440324524 0.6490274867629454 0.02397748990643773 6.493432440324524
-0.4939217699315548 -1.2048542932318975 5.948247619478433 -0.4939217699315548 -1.2048542932318975 5.948247619478433
-0.18304240666739854 0.13493164166967908 6.011008909399699 -0.18304240666739854 0.13493164166967908 6.011008909399699
1.6636425357061932 0.7404697040877548 -2.7356396977918394 1.6636425357061932 0.7404697040877548 -2.7356396977918394
0.7761111721173494 0.13668473873703843 -2.7630866617298127 0.7761111721173494 0.13668473873703843 -2.7630866617298127
-0.20895051241524132 -1.346997272511306 3.136302325342288 -0.20895051241524132 -1.346997272511306 3.136302325342288
1.607384449520283 0.015725679990274983 1.6706903701441471 1.607384449520283 0.015725679990274983 1.6706903701441471
0.8876172781932025 1.2601973831335906 -2.3399655945924844 0.8876172781932025 1.2601973831335906 -2.3399655945924844
-0.3638029653620093 -0.21117546185868943 3.0707904053408708 -0.3638029653620093 -0.21117546185868943 3.0707904053408708
1.3419749259709992 -2.307429781769109 -3.024343121782971 1.3419749259709992 -2.307429781769109 -3.024343121782971
-0.8118065168016779 -1.6187454076032919 1.3383984783161749 -0.8118065168016779 -1.6187454076032919 1.3383984783161749
2.122137847907516 -0.24957285576111274 3.0423781960577565 2.122137847907516 -0.24957285576111274 3.0423781960577565
0.19872110817705782 -0.6623952837639413 1.8489069464699288 0.1334238752662801 -0.7704992902310394 1.5781412114934987
1.5871354788246614 -0.8713499190055576 1.2221960538356647 1.5871354788246614 -0.8713499190055576 1.2221960538356647
-0.5338942977052934 1.1471338631887749 1.6994709459847588 -0.5338942977052934 1.1471338631887749 1.6994709459847588
1.2781073717325828 0.42941588825507404 -2.6214136122710894 1.2781073717325828 0.42941588825507404 -2.6214136122710894
-1.0352520150871671 0.1406380100335608 -8.063715095859559 -1.0352520150871671 0.1406380100335608 -8.063715095859559
0.4055925250913709 1.4019484361163332 5.240754006400123 0.4055925250913709 1.4019484361163332 5.240754006400123
2.0384574199934216 0.31250319570861546 4.712677660440264 2.0384574199934216 0.31250319570861546 4.712677660440264
-0.759480670415599 1.1920598056141571 6.670787402048703 -0.759480670415599 1.1920598056141571 6.670787402048703
-0.8781617484496025 0.40434837944835395 -1.969958991324899 -0.8781617484496025 0.40434837944835395 -1.969958991324899
0.9894051773593947 3.451432652776382 0.6845599249014148 0.9894051773593947 3.451432652776382 0.6845599249014148
-1.9562987089957071 -0.7540103412524252 3.516528456359095 -1.9562987089957071 -0.7540103412524252 3.516528456359095
0.7430958421211373 -0.6857013183902904 4.4435955762177075 0.7430958421211373 -0.6857013183902904 4.4435955762177075
-1.9478319278329859 0.21239938669119496 0.7534972190933423 -1.9478319278329859 0.21239938669119496 0.7534972190933423
-0.21562568947683244 1.1750890032908228 -2.5142101879788843 -0.21562568947683244 1.1750890032908228 -2.5142101879788843
0.8057412048197226 0.37281084913330975 3.482607226029968 0.8057412048197226 0.37281084913330975 3.482607226029968
-0.7276930446931034 1.0356065919150446 -3.585283649922398 -0.7276930446931034 1.0356065919150446 -3.585283649922398
-1.7031411103426735 1.7734611032958463 1.5402074417861986 -1.7031411103426735 1.7734611032958463 1.5402074417861986
-0.7444656683092719 -0.867850963736282 2.711292697469121 -0.7444656683092719 -0.867850963736282 2.711292697469121
-0.6187529991238616 2.076613773645392 0.9568065318894374 -0.6187529991238616 2.076613773645392 0.9568065318894374
-0.03539420344449717 -2.3208358164291845 -3.2921043121885893 -0.03539420344449717 -2.3208358164291845 -3.2921043121885893
-0.763180400815041 -0.9941687976376227 1.7369156339531384 -0.763180400815041 -0.9941687976376227 1.7369156339531384
-0.8349294947700437 2.6571983091464415 -3.642488459326038 -0.8349294947700437 2.6571983091464415 -3.642488459326038
0.3286335898868001 1.6249770545547237 -8.094328441399126 0.3286335898868001 1.6249770545547237 -8.094328441399126
1.468877406686551 1.2446058161873434 -2.9159327147024343 1.468877406686551 1.2446058161873434 -2.9159327147024343
-3.3452117800964656 1.645726109039677 -9.47319928921132 -3.3452117800964656 1.645726109039677 -9.47319928921132
2.0152491429387607 -0.9775670606043837 -5.0495354923138756 2.0152491429387607 -0.9775670606043837 -5.0495354923138756
0.807525998880252 1.8238496139525524 0.9054998644103672 0.807525998880252 1.8238496139525524 0.9054998644103672
-1.4925091173666085 -2.7371664236991804 -1.2339372910295263 -1.4925091173666085 -2.7371664236991804 -1.2339372910295263
-0.50120723765945 0.7030231909759294 -0.6287100662063292 -0.5726821400123728 0.5791601086301351 -0.8381403520235666
0.39301857222547193 -1.5934310136365857 0.6185395743244985 0.39301857222547193 -1.5934310136365857 0.6185395743244985
-2.611705414475364 -2.0530401477521214 -7.868634855362528 -2.611705414475364 -2.0530401477521214 -7.868634855362528
-0.16871583956082997 -1.8680095851848673 1.009539396331769 -0.16871583956082997 -1.8680095851848673 1.009539396331769
-1.8380419391743936 -1.849067661329079 -6.713424576851965 -1.8380419391743936 -1.849067661329079 -6.713424576851965
1.6365525335065885 -0.8080566717239749 -0.32224163120904364 1.6365525335065885 -0.8080566717239749 -0.32224163120904364
0.2516340694158439 1.1878333094051339 -1.3654711444455077 0.2516340694158439 1.1878333094051339 -1.3654711444455077
1.717176191875719 1.825073801056814 -4.815467212091488 1.717176191875719 1.825073801056814 -4.815467212091488
0.8414385365673184 2.527579400110267 1.6664569720117044 0.8414385365673184 2.527579400110267 1.6664569720117044
1.5723864724842116 0.11683557271729748 -4.515327671341597 1.5723864724842116 0.11683557271729748 -4.515327671341597
2.0350467963055987 0.9287353600108319 4.282643990516227 2.0350467963055987 0.9287353600108319 4.282643990516227
1.368149380247766 -0.6846984889040052 -1.379406331974137 1.368149380247766 -0.6846984889040052 -1.379406331974137
-0.23006430821002083 -1.5044212419586707 10.1785333409161 -0.23006430821002083 -1.5044212419586707 10.1785333409161
1.4364501825939686 -0.3698034704807842 3.2525076912608086 1.4364501825939686 -0.3698034704807842 3.2525076912608086
-0.11049947768346646 -0.7340951664082357 -0.4677620921797955 -0.11049947768346646 -0.7340951664082357 -0.4677620921797955
0.49005510105927597 0.23689109277553178 -2.027559623037689 0.49005510105927597 0.23689109277553178 -2.027559623037689
-0.38960917168784087 -0.5483577139928003 4.984540747776565 -0.38960917168784087 -0.5483577139928003 4.984540747776565
0.37542964789944533 1.5216462502754193 8.786752768299658 0.37542964789944533 1.5216462502754193 8.786752768299658
-0.029000183059991767 -0.4993601121397298 -0.797383469684842 -0.029000183059991767 -0.4993601121397298 -0.797383469684842
-0.770737435234125 1.598475647812146 3.3513101080729326 -0.770737435234125 1.598475647812146 3.3513101080729326
-0.36381792558408155 -2.529608482012613 -7.350407227740903 -0.36381792558408155 -2.529608482012613 -7.350407227740903
-0.5612837429988039 -0.06064317893056157 4.131943824141159 -0.5612837429988039 -0.06064317893056157 4.131943824141159
0.23378011121096745 1.6392223512440471 2.792222159741664 0.23378011121096745 1.6392223512440471 2.792222159741664
-0.926244428587084 0.33615249850210766 1.2564821161738207 -0.926244428587084 0.33615249850210766 1.2564821161738207
0.916684903965935 0.9283841537886192 -6.384471592955924 0.916684903965935 0.9283841537886192 -6.384471592955924
0.7165138647409866 -1.0833884098049256 6.773988298786915 0.7165138647409866 -1.0833884098049256 6.773988298786915
-0.5031240490130003 0.48585392580924575 0.7432818501353113 -0.5031240490130003 0.48585392580924575 0.7432818501353113
1.436847254976532 -0.08664609459710737 9.801580650563528 1.436847254976532 -0.08664609459710737 9.801580650563528
1.9010482927277415 -0.6017193647859032 -5.872023342507959 1.9010482927277415 -0.6017193647859032 -5.872023342507959
-0.6704623354544406 0.17122621738194443 -8.89023442641007 -0.6704623354544406 0.17122621738194443 -8.89023442641007
-0.7028923863911057 -0.13026426120047346 14.884838080076952 -0.7028923863911057 -0.13026426120047346 14.884838080076952
-1.4068247543595231 -0.0811529298863923 -5.769350604499044 -1.4068247543595231 -0.0811529298863923 -5.769350604499044
-1.5623548596526609 -0.42958203427195596 -13.21872524847099 -1.5623548596526609 -0.42958203427195596 -13.21872524847099
0.8216078751105315 -1.2109843054960971 3.7919297579941205 0.8216078751105315 -1.2109843054960971 3.7919297579941205
-1.1615766788192756 -3.738227108816229 4.349145248173757 -1.1615766788192756 -3.738227108816229 4.349145248173757
1.9903630598960103 0.6459537141315104 2.7237752488233795 1.9903630598960103 0.6459537141315104 2.7237752488233795
-1.052179536287199 2.083353122932711 0.19244402674745695 -1.052179536287199 2.083353122932711 0.19244402674745695
0.6566640359865272 0.15657742975913475 10.169234626244895 0.6566640359865272 0.15657742975913475 10.169234626244895
0.527126232190976 1.519893552417521 1.1664456620950137 0.527126232190976 1.519893552417521 1.1664456620950137
2.214161720191555 1.8394533290699393 14.418305493330799 2.214161720191555 1.8394533290699393 14.418305493330799
-1.1340341991606178 -0.6943031757365199 3.176917778494508 -1.1340341991606178 -0.6943031757365199 3.176917778494508
-1.3438927698109517 0.5140685601956243 6.379337840929091 -0.9903988029993495 0.7001344936900697 6.310746837213419
1.209163992660865 -0.6687629855105702 1.0372512651945183 1.209163992660865 -0.6687629855105702 1.0372512651945183
0.078030844126617 0.06306214123100837 -2.8354604108612187 0.078030844126617 0.06306214123100837 -2.8354604108612187
-0.5936954325719603 0.11300359880237618 -0.19733258269463438 -0.5936954325719603 0.11300359880237618 -0.19733258269463438
2.235735788288132 -0.2638128120007543 -13.284457766521136 2.235735788288132 -0.2638128120007543 -13.284457766521136
-3.061106493239071 -0.06050106300521504 5.362725365752731 -3.061106493239071 -0.06050106300521504 5.362725365752731
-0.06143777691472633 -0.39170392925269193 -2.270048368665586 -0.06143777691472633 -0.39170392925269193 -2.270048368665586
1.5555783527086424 -2.1927461567595836 -2.9317800604367537 1.5555783527086424 -2.1927461567595836 -2.9317800604367537
0.2860616806805254 -0.1998854622974371 6.5242391426798 0.2860616806805254 -0.1998854622974371 6.5242391426798
1.2322497178517675 0.18104118591975282 0.39366333313690305 1.2322497178517675 0.18104118591975282 0.39366333313690305
1.253428171125754 -0.24589107475883273 -0.6698262800732002 1.253428171125754 -0.24589107475883273 -0.6698262800732002
-2.0191380193016606 -0.2383963107667093 1.5496738798789416 -2.0191380193016606 -0.2383963107667093 1.5496738798789416
-0.14702056369898586 -1.5975989326548927 7.277452120541049 -0.14702056369898586 -1.5975989326548927 7.277452120541049
0.31610024486967964 0.2772123724429563 4.753486429189734 0.31610024486967964 0.2772123724429563 4.753486429189734
0.5896740036956334 0.4463899811388337 -3.4393133599606545 0.5896740036956334 0.4463899811388337 -3.4393133599606545
0.4427665508978433 1.668854620609666 0.13096615440493573 0.4427665508978433 1.668854620609666 0.13096615440493573
-0.39066792669523254 0.28672404335207147 3.734698279656793 -0.39066792669523254 0.28672404335207147 3.734698279656793
-0.555691708255262 -0.38106971782904686 2.7104689650872134 -0.555691708255262 -0.38106971782904686 2.7104689650872134
-2.036645652183819 -0.6309289778225516 2.2615108692534656 -2.036645652183819 -0.6309289778225516 2.2615108692534656
-1.6291040709072493 -1.4447983956105397 -12.87434252181546 -1.6291040709072493 -1.4447983956105397 -12.87434252181546
-1.3046993724132958 -0.38463722688135976 4.400814654138888 -1.3046993724132958 -0.38463722688135976 4.400814654138888
-0.5120035585018043 -0.5602620909106979 0.27373292896116874 -0.5120035585018043 -0.5602620909106979 0.27373292896116874
0.60881044401942 1.2468819016511083 6.210802422952955 0.60881044401942 1.2468819016511083 6.210802422952955
-0.6135534094509459 -1.2111478805497156 3.045794444930593 -0.6135534094509459 -1.2111478805497156 3.045794444930593
-1.3180079000872342 -0.5066049647371836 4.410847839269025 -1.5538968996462288 -0.5657411456525943 4.149728671463919
1.714396248117536 0.15348199601561158 -2.2860337084280395 1.714396248117536 0.15348199601561158 -2.2860337084280395
0.19736483230744645 -0.2623300512391241 -0.5456341771056303 0.19736483230744645 -0.2623300512391241 -0.5456341771056303
-0.36955536018339535 -1.3486279343559162 3.103323463816501 -0.36955536018339535 -1.3486279343559162 3.103323463816501
1.9013575493772832 1.5874678876791912 8.80709410013819 1.9013575493772832 1.5874678876791912 8.80709410013819
1.3867935257107786 1.356735336671191 -5.9957205038192996 1.3867935257107786 1.356735336671191 -5.9957205038192996
0.8554079191653841 0.8594358903369516 9.574243644932077 0.8554079191653841 0.8594358903369516 9.574243644932077
0.41632239337929067 -1.2203208471356721 3.640445443616181 0.41632239337929067 -1.2203208471356721 3.640445443616181
-1.668036886603724 -1.6702945897575123 -3.3255296794929734 -1.668036886603724 -1.6702945897575123 -3.3255296794929734
2.001091719108098 1.2256782839124394 -2.243102189303273 2.001091719108098 1.2256782839124394 -2.243102189303273
-1.123327324348749 -0.6110798564972157 -3.459776824117919 -1.123327324348749 -0.6110798564972157 -3.459776824117919
2.116315587411422 0.29153160440420334 5.017475669544975 2.116315587411422 0.29153160440420334 5.017475669544975
1.0161862886195743 0.8653974593373792 1.503091115838673 1.0161862886195743 0.8653974593373792 1.503091115838673
2.7235613171687745 -1.5248734146636136 2.824137852554838 2.7235613171687745 -1.5248734146636136 2.824137852554838
0.509306980200695 2.283076113623668 0.6267924305892516 0.509306980200695 2.283076113623668 0.6267924305892516
-0.8031806432364554 -0.6363445020538534 -4.4926149100678865 -0.7339957232006591 -0.8470483323625095 -4.615936848827007
-0.5592680723084589 -2.122927600998685 -1.3379334810804 -0.5592680723084589 -2.122927600998685 -1.3379334810804
-2.021486862354683 0.7142542206008665 1.4229214444833316 -2.021486862354683 0.7142542206008665 1.4229214444833316
0.35693373255929306 -0.2504143502994048 5.6746438213326025 0.35693373255929306 -0.2504143502994048 5.6746438213326025
-0.6573024032647912 0.14388110622119876 -3.11690263604102 -0.6573024032647912 0.14388110622119876 -3.11690263604102
-3.778355352826727 -0.05229360503298713 -0.1654637632250532 -3.778355352826727 -0.05229360503298713 -0.1654637632250532
0.4448414543641528 -0.858764138658442 -5.875798251136902 0.4448414543641528 -0.858764138658442 -5.875798251136902
-1.2887404409071477 2.106909402042735 -4.4219834025631135 -1.2887404409071477 2.106909402042735 -4.4219834025631135
-0.06235344219340247 -0.6576045949210082 1.187679656473058 -0.06235344219340247 -0.6576045949210082 1.187679656473058
0.8933396858788106 0.4206232845952129 4.725819817347762 0.8933396858788106 0.4206232845952129 4.725819817347762
-0.43667995335414295 -0.7566618172411227 1.197666763999887 -0.43667995335414295 -0.7566618172411227 1.197666763999887
0.6594378979240513 -1.0600014613345297 2.841530211970362 0.6594378979240513 -1.0600014613345297 2.841530211970362
-0.045158541550860416 0.10109437064071455 3.01905499196955 -0.045158541550860416 0.10109437064071455 3.01905499196955
1.236260891984903 -2.6618411822636223 4.096672643000934 1.236260891984903 -2.6618411822636223 4.096672643000934
0.30956397604274977 -0.24536202884642344 -0.1255521567829569 0.30956397604274977 -0.24536202884642344 -0.1255521567829569
1.2008033622138605 -2.0078571978022164 6.638092278645546 1.2008033622138605 -2.0078571978022164 6.638092278645546
-0.9219791695164786 -1.191183020619061 4.530222036627875 -0.9219791695164786 -1.191183020619061 4.530222036627875
-0.14164250094754596 1.242360677664028 -11.437287555087826 -0.14164250094754596 1.242360677664028 -11.437287555087826
-0.9437238996703693 -1.8455542726468068 2.5463021832145736 -0.9437238996703693 -1.8455542726468068 2.5463021832145736
0.13172259397561484 -0.46857292930900274 -2.7208802122639244 0.13172259397561484 -0.46857292930900274 -2.7208802122639244
-0.9243215464446692 0.9027651228093003 3.867539222404724 -0.9243215464446692 0.9027651228093003 3.867539222404724
-0.009059500706615488 1.006733058843623 -0.39899193982941183 -0.009059500706615488 1.006733058843623 -0.39899193982941183
-0.10128722712863392 0.24154999799860546 2.5197898125869362 -0.10128722712863392 0.24154999799860546 2.5197898125869362
0.8111364935630182 1.3976472195597747 -0.7982130481568283 0.8111364935630182 1.3976472195597747 -0.7982130481568283
-0.9271120544460442 0.11910515543626005 -4.6396976470593945 -0.9271120544460442 0.11910515543626005 -4.6396976470593945
-0.11843831344059752 -1.558220629541362 0.3719625581502676 -0.11843831344059752 -1.558220629541362 0.3719625581502676
-1.1590082336829322 -0.5889348336752787 -3.022811379023842 -1.1590082336829322 -0.5889348336752787 -3.022811379023842
-0.6619891502891136 0.08976463268985084 8.050987947389897 -0.6619891502891136 0.08976463268985084 8.050987947389897
-1.6869311418641642 0.7517939990027319 1.652879131544899 -1.6869311418641642 0.7517939990027319 1.652879131544899
-0.058883757572658124 -2.3510875795310735 -5.658476505809823 -0.058883757572658124 -2.3510875795310735 -5.658476505809823
-0.22751391310339653 -0.7278534363614894 2.0850081139543666 -0.22751391310339653 -0.7278534363614894 2.0850081139543666
0.07284408038573391 1.0371019274118294 1.808719812256271 0.07284408038573391 1.0371019274118294 1.808719812256271
-1.3217765631390077 0.7775364230055807 -6.94127533122147 -1.3217765631390077 0.7775364230055807 -6.94127533122147
-0.9903988029993495 0.7001344936900697 6.310746837213419 -1.3438927698109517 0.5140685601956243 6.379337840929091
0.4979021991568336 -0.5775415688155598 -1.0347812938662686 0.4979021991568336 -0.5775415688155598 -1.0347812938662686
0.8668485652703871 -0.06277156427868484 -7.0537496647146725 0.8668485652703871 -0.06277156427868484 -7.0537496647146725
-0.37056457612913174 -0.4414522816130977 4.036315521452311 -0.37056457612913174 -0.4414522816130977 4.036315521452311
-0.37647022309387695 -0.6665578336833458 -3.4922711614533455 -0.37647022309387695 -0.6665578336833458 -3.4922711614533455
-0.689587578774443 0.45744836892078977 3.110635310214746 -0.689587578774443 0.45744836892078977 3.110635310214746
1.8293233578226094 0.9903196658548459 -1.0843768914193521 1.8293233578226094 0.9903196658548459 -1.0843768914193521
-0.0321748183066565 1.2226204736659823 1.5580854138098235 -0.0321748183066565 1.2226204736659823 1.5580854138098235
0.9515109809171465 0.7133236031036233 2.057975149790683 0.9515109809171465 0.7133236031036233 2.057975149790683
-2.098669126098517 -0.5549320676708414 2.892296509554445 -2.098669126098517 -0.5549320676708414 2.892296509554445
1.7587670449094408 0.5101822339545705 -0.12680228364427334 1.7587670449094408 0.5101822339545705 -0.12680228364427334
-0.5721353751231849 -0.6143364500291993 1.289631305414074 -0.5721353751231849 -0.6143364500291993 1.289631305414074
-0.5446117840632949 0.08009560844664426 -6.2668025791821265 -0.5446117840632949 0.08009560844664426 -6.2668025791821265
0.08686092274244528 -0.6149882922365413 -0.5512452216774956 0.08686092274244528 -0.6149882922365413 -0.5512452216774956
-0.028291884514767388 -1.3364145046704623 0.6947378958489382 -0.028291884514767388 -1.3364145046704623 0.6947378958489382
-1.6583560189881592 0.1712030891847669 -3.4279989336636887 -1.6583560189881592 0.1712030891847669 -3.4279989336636887
-0.9718430120198085 1.6887736102615483 -2.0088466001213674 -0.9718430120198085 1.6887736102615483 -2.0088466001213674
1.6209921809587955 0.42978992633767554 -4.416728443064989 1.6209921809587955 0.42978992633767554 -4.416728443064989
1.1126156954150226 -0.3758499947266574 -2.787496124390135 1.1126156954150226 -0.3758499947266574 -2.787496124390135
-0.1253134891773744 -0.5662823813302659 0.7528018827488812 -0.1253134891773744 -0.5662823813302659 0.7528018827488812
-0.8312804057517962 0.6200080954993711 13.086387416907009 -0.8312804057517962 0.6200080954993711 13.086387416907009
0.552457233187195 0.884210290512102 11.940884989852792 0.552457233187195 0.884210290512102 11.940884989852792
-1.4798901565298552 -1.8485942191249378 4.175573374188564 -1.4798901565298552 -1.8485942191249378 4.175573374188564
1.1178967734766727 1.212624795453693 -6.079601972830223 1.1178967734766727 1.212624795453693 -6.079601972830223
-1.2637359948761602 -0.4015661750555646 -0.8109619966044892 -1.2637359948761602 -0.4015661750555646 -0.8109619966044892
-0.922095547195947 0.41567121344149505 8.51913532650779 -0.922095547195947 0.41567121344149505 8.51913532650779
1.9233179442519415 -0.15517269740040324 1.9888242890594179 1.9233179442519415 -0.15517269740040324 1.9888242890594179
2.20154192982963 0.25135888907508797 10.537709157767043 2.20154192982963 0.25135888907508797 10.537709157767043
-2.01348651129048 0.8699801418482264 -7.344788164830125 -2.01348651129048 0.8699801418482264 -7.344788164830125
-2.405366899309357 -0.22060892738543272 7.094995075818916 -2.405366899309357 -0.22060892738543272 7.094995075818916
-1.509580982585755 -1.539164255472873 -2.552144730665488 -1.509580982585755 -1.539164255472873 -2.552144730665488
1.4587029673668173 -0.40505686581844175 4.768621445479536 1.4587029673668173 -0.40505686581844175 4.768621445479536
-1.3798029054782162 1.341552093579806 5.951477156576651 -1.3798029054782162 1.341552093579806 5.951477156576651
1.0065093524692141 -0.9101423829836341 0.3630898622306151 1.0065093524692141 -0.9101423829836341 0.3630898622306151
0.15248120871194598 1.5511135310081767 -9.746936257593115 0.15248120871194598 1.5511135310081767 -9.746936257593115
2.1055169004836882 0.8259198523752762 -0.16816813402660946 2.1055169004836882 0.8259198523752762 -0.16816813402660946
0.11727029153143428 -0.22931498360440492 -4.198032257302499 0.11727029153143428 -0.22931498360440492 -4.198032257302499
-0.11242417125560542 -1.4043252780690694 -1.175908359297731 -0.11242417125560542 -1.4043252780690694 -1.175908359297731
0.24401794238559746 -0.060772251711573654 -0.27815126604745627 0.24401794238559746 -0.060772251711573654 -0.27815126604745627
1.7791818487778264 1.2633483775605787 -0.535829809492228 1.7791818487778264 1.2633483775605787 -0.535829809492228
-0.36769106711061406 0.4295428516051631 -0.6240305062599438 -0.36769106711061406 0.4295428516051631 -0.6240305062599438
-1.8389746591095626 1.6402235075728322 -0.33277768396455576 -1.8389746591095626 1.6402235075728322 -0.33277768396455576
-2.006479631158501 0.2841121071295601 -0.9141405892525019 -2.006479631158501 0.2841121071295601 -0.9141405892525019
-0.27604729738343614 -1.3719629286605846 7.131002823959334 -0.27604729738343614 -1.3719629286605846 7.131002823959334
-2.9591939251856774 0.07347731144401695 -7.953801141923586 -2.9591939251856774 0.07347731144401695 -7.953801141923586
-0.3777685013251788 -1.5362823949170754 -3.6610650718072697 -0.3777685013251788 -1.5362823949170754 -3.6610650718072697
0.6280748144086575 1.4980212320601416 -5.3619128950371 0.6280748144086575 1.4980212320601416 -5.3619128950371
-0.9153126539498958 -1.1872129711575459 4.976017411681349 -0.9153126539498958 -1.1872129711575459 4.976017411681349
1.3146605828597389 -1.2611639597519844 -2.002721522253036 1.3146605828597389 -1.2611639597519844 -2.002721522253036
0.05381395360922425 1.3807133317302664 -3.2732823969083964 0.05381395360922425 1.3807133317302664 -3.2732823969083964
0.9092233041247267 -0.5384325500907229 -4.857503961833099 0.9092233041247267 -0.5384325500907229 -4.857503961833099
-1.2737081950370956 -0.8133756610966497 2.410454907517337 -1.2737081950370956 -0.8133756610966497 2.410454907517337
-1.5538968996462288 -0.5657411456525943 4.149728671463919 -1.3180079000872342 -0.5066049647371836 4.410847839269025
2.0056745347273406 -0.022273792172479375 0.44186734832889313 2.0056745347273406 -0.022273792172479375 0.44186734832889313
-1.3021852528707774 0.9391808572571163 -2.3520182789928277 -1.3021852528707774 0.9391808572571163 -2.3520182789928277
-0.13217833193529724 -0.5964456044184715 1.2630566545438044 -0.13217833193529724 -0.5964456044184715 1.2630566545438044
-0.9922122324232658 1.8461640902532366 3.226097684622565 -0.9922122324232658 1.8461640902532366 3.226097684622565
-1.382492312810277 2.7218729212970705 6.898406149316591 -1.382492312810277 2.7218729212970705 6.898406149316591
-1.455963817525869 -0.2598166607334808 -0.6713843626060375 -1.455963817525869 -0.2598166607334808 -0.6713843626060375
1.9501028461557115 1.5630205755224253 2.4685030181542746 1.9501028461557115 1.5630205755224253 2.4685030181542746
1.066984950009632 0.010174964686741205 2.2952880403664513 1.066984950009632 0.010174964686741205 2.2952880403664513
-0.35044092207848354 -0.8089688917994033 7.714279022349345 -0.35044092207848354 -0.8089688917994033 7.714279022349345
-0.7369995309290064 1.586955471153433 6.169220909032035 -0.7369995309290064 1.586955471153433 6.169220909032035
-0.52861347028545 -0.10551617772857318 -6.142835500347781 -0.52861347028545 -0.10551617772857318 -6.142835500347781
3.254940166089039 -0.019047361608967896 2.4821559301065887 3.254940166089039 -0.019047361608967896 2.4821559301065887
-0.34686203138470106 2.2791796306488163 -7.2376377333355455 -0.34686203138470106 2.2791796306488163 -7.2376377333355455
-0.6765337152342151 2.310892059375627 -8.559028659460783 -0.6765337152342151 2.310892059375627 -8.559028659460783
1.230988894142804 0.1255374610899492 2.9745189716819533 1.230988894142804 0.1255374610899492 2.9745189716819533
0.23904354590769938 0.5038358993583615 3.433387575889389 0.23904354590769938 0.5038358993583615 3.433387575889389
-0.9522168110204499 -2.676155618539573 7.385679160799561 -0.9522168110204499 -2.676155618539573 7.385679160799561
-0.1752197987747421 1.7022747977533488 -1.989390934252352 -0.1752197987747421 1.7022747977533488 -1.989390934252352
0.7475025976112532 2.108447492811821 -1.2660988593346123 0.7475025976112532 2.108447492811821 -1.2660988593346123
-0.33661181080153696 -0.9960283400483773 -5.091116992621931 -0.33661181080153696 -0.9960283400483773 -5.091116992621931
-1.0100838351280714 1.8435609009535312 -0.5397091067209439 -1.0100838351280714 1.8435609009535312 -0.5397091067209439
1.3731353115631673 0.23624926828147452 -0.8369360576482882 1.3731353115631673 0.23624926828147452 -0.8369360576482882
-0.9417638142342655 2.398538072402109 -3.850204746446897 -0.9417638142342655 2.398538072402109 -3.850204746446897
-0.5793697995499134 0.5793357367109375 0.936082269429769 -0.5793697995499134 0.5793357367109375 0.936082269429769
-0.8907176550604214 0.40187241960611436 -7.440944573107341 -0.8907176550604214 0.40187241960611436 -7.440944573107341
-1.5757553173274848 -1.6737941435385142 -0.6928634777071695 -1.5757553173274848 -1.6737941435385142 -0.6928634777071695
-0.8287559447121018 -2.366884762586013 -11.025653414224006 -0.8287559447121018 -2.366884762586013 -11.025653414224006
-0.34725925353886444 -1.458838078247885 6.086010945723209 -0.34725925353886444 -1.458838078247885 6.086010945723209
-0.6131403052078597 -1.6859646954404512 1.9742958706406182 -0.6131403052078597 -1.6859646954404512 1.9742958706406182
0.4267089352983316 1.0341813732447924 -3.731398758249409 0.4267089352983316 1.0341813732447924 -3.731398758249409
-2.478364938734308 0.1561481042590309 -3.004061478413094 -2.478364938734308 0.1561481042590309 -3.004061478413094
-0.3699747917032768 1.919222566050692 -0.8953832987455081 -0.3699747917032768 1.919222566050692 -0.8953832987455081
0.2506657179213076 1.4330465394984593 -2.526461676164735 0.2506657179213076 1.4330465394984593 -2.526461676164735
0.2096309591785457 0.2539735730973585 3.8368579465960924 0.2096309591785457 0.2539735730973585 3.8368579465960924
-0.057438585845463956 -0.4785573902058597 -0.14855225931382005 -0.057438585845463956 -0.4785573902058597 -0.14855225931382005
-1.6558053893223255 -1.2290866659189748 7.394227357035759 -1.6558053893223255 -1.2290866659189748 7.394227357035759
-1.4890789534481754 0.10063293103786496 7.434465755614412 -1.4890789534481754 0.10063293103786496 7.434465755614412
2.6683399556432033 2.495953762081295 4.24474369755872 2.6683399556432033 2.495953762081295 4.24474369755872
-0.1427426644557422 2.331946058018392 -3.6454801344902448 -0.1427426644557422 2.331946058018392 -3.6454801344902448
0.8249099098599874 2.033737445991348 -2.432913861208906 0.8249099098599874 2.033737445991348 -2.432913861208906
0.7789937533454948 -1.124842497036997 3.157508433881894 0.7789937533454948 -1.124842497036997 3.157508433881894
0.4982562139664171 0.03197769834651889 -1.6943497990075833 0.4982562139664171 0.03197769834651889 -1.6943497990075833
1.3771281252623722 1.0540493171924592 -1.5530184803561564 1.3771281252623722 1.0540493171924592 -1.5530184803561564
0.049023105575207566 0.43901583558801877 3.2245389047878437 0.049023105575207566 0.43901583558801877 3.2245389047878437
-0.8414516442455632 0.18363370766186327 5.9488485634365755 -0.8414516442455632 0.18363370766186327 5.9488485634365755
0.7852311839568274 0.7349871397412528 -1.070730393925854 0.7852311839568274 0.7349871397412528 -1.070730393925854
1.6075895116603698 1.5591720761685282 -6.18475169026529 1.6075895116603698 1.5591720761685282 -6.18475169026529
0.3084118459451627 -1.4895238815941638 -3.4124901170294404 0.3084118459451627 -1.4895238815941638 -3.4124901170294404
0.0871208991869854 -0.13922208158422245 -2.3683911604325685 0.0871208991869854 -0.13922208158422245 -2.3683911604325685
-1.0727315755984643 0.8537467868611704 5.640021161478102 -1.0727315755984643 0.8537467868611704 5.640021161478102
0.7482347067675637 0.13950967971984912 4.220298931843396 0.7482347067675637 0.13950967971984912 4.220298931843396
-0.32677239090763943 0.4707513331367076 -3.20425610638892 -0.32677239090763943 0.4707513331367076 -3.20425610638892
-2.0548275092165853 0.27287957283908687 0.6691842440646042 -2.0548275092165853 0.27287957283908687 0.6691842440646042
1.2561418877477126 2.858602072291581 0.5538736425516693 1.2561418877477126 2.858602072291581 0.5538736425516693
-0.7339957232006591 -0.8470483323625095 -4.615936848827007 -0.8031806432364554 -0.6363445020538534 -4.4926149100678865
0.8254577707839136 -1.081086632703696 4.769556241704834 0.8254577707839136 -1.081086632703696 4.769556241704834
-1.5523600671083373 -1.7395269340811075 6.670602014889159 -1.5523600671083373 -1.7395269340811075 6.670602014889159
2.0319685034835877 0.6223059842979437 3.561392857806883 2.0319685034835877 0.6223059842979437 3.561392857806883
-0.47622547860844633 -0.8188725746589012 -6.161619826803857 -0.47622547860844633 -0.8188725746589012 -6.161619826803857
0.4528200039326173 0.9591812093269546 0.5816937502711972 0.4528200039326173 0.9591812093269546 0.5816937502711972
-1.8723149136435822 0.3539323517906232 4.411657525209895 -1.8723149136435822 0.3539323517906232 4.411657525209895
1.6488716070104306 -1.4886774859515552 2.47604622588826 1.6488716070104306 -1.4886774859515552 2.47604622588826
0.3302723166267429 -1.3448816500293206 -3.6141392431950834 0.3302723166267429 -1.3448816500293206 -3.6141392431950834
-1.3794309228177277 -0.23437239003472823 -4.489900967430497 -1.3794309228177277 -0.23437239003472823 -4.489900967430497
-2.301367907375548 1.8984365540452661 1.9521263336031174 -2.301367907375548 1.8984365540452661 1.9521263336031174
-1.0502806386432013 0.6378061491281737 -0.7157458429842849 -1.0502806386432013 0.6378061491281737 -0.7157458429842849
-0.678439130741226 0.1916719910282678 -2.3250874373707218 -0.678439130741226 0.1916719910282678 -2.3250874373707218
-1.7601764616756863 0.8393704729027243 -1.6788372540753969 -1.7601764616756863 0.8393704729027243 -1.6788372540753969
-0.8385802596196152 -1.0742108130595613 1.999340945579011 -0.8385802596196152 -1.0742108130595613 1.999340945579011
1.9173441469266899 -0.670667330424843 -0.9710906935929239 1.9173441469266899 -0.670667330424843 -0.9710906935929239
-3.031851623270724 0.2745003048186128 1.036396000701715 -3.031851623270724 0.2745003048186128 1.036396000701715
-0.02505415210890593 0.6422356786903444 0.12990979383984422 -0.02505415210890593 0.6422356786903444 0.12990979383984422
-1.3327721115521798 0.6867122020944113 -0.46072689937951383 -1.3327721115521798 0.6867122020944113 -0.46072689937951383
-2.223498008949874 1.9797818306293453 -2.6548052394838555 -2.223498008949874 1.9797818306293453 -2.6548052394838555
0.7864955371498868 2.1188438890331676 1.1736896905626333 0.7864955371498868 2.1188438890331676 1.1736896905626333
-0.11153332036679335 -1.139169355355811 1.5131339753008395 -0.11153332036679335 -1.139169355355811 1.5131339753008395
0.21912137038785584 -1.0815815818690204 -8.356864192657204 0.21912137038785584 -1.0815815818690204 -8.356864192657204
-0.29046831368950665 -0.861784849466894 6.07598729148528 -0.29046831368950665 -0.861784849466894 6.07598729148528
-0.28950028024922 -2.576079246090222 -2.3211486352167814 -0.28950028024922 -2.576079246090222 -2.3211486352167814
-0.6486902698779548 -0.9705222996949913 5.373921251696822 -0.6486902698779548 -0.9705222996949913 5.373921251696822
0.22977092274072947 0.48461655875428417 4.302898282434021 0.22977092274072947 0.48461655875428417 4.302898282434021
-0.5726821400123728 0.5791601086301351 -0.8381403520235666 -0.50120723765945 0.7030231909759294 -0.6287100662063292
0.4345331003950401 1.7617263214645442 -3.434681470296968 0.4345331003950401 1.7617263214645442 -3.434681470296968
-0.9988353985477941 2.2517865018003893 -5.011177300617643 -0.9988353985477941 2.2517865018003893 -5.011177300617643
0.22399138128137924 1.5317715349315009 8.328592748241636 0.22399138128137924 1.5317715349315009 8.328592748241636
0.1577320672938038 -0.5893307827154687 -5.292958448151778 0.1577320672938038 -0.5893307827154687 -5.292958448151778
2.6907280682848755 -0.20750837692244262 -2.461918569415581 2.6907280682848755 -0.20750837692244262 -2.461918569415581
2.0382794632967802 -0.2987127462923554 2.2992658294385433 2.0382794632967802 -0.2987127462923554 2.2992658294385433
0.38714742525077683 0.3386049619412722 1.4289080539847607 0.38714742525077683 0.3386049619412722 1.4289080539847607
0.3709463465181073 -0.8328431322701111 -0.9638877753075449 0.3709463465181073 -0.8328431322701111 -0.9638877753075449
-1.3938352051445306 -1.308365449638836 -0.472124472521132 -1.3938352051445306 -1.308365449638836 -0.472124472521132
-0.042715923514457334 1.6118321128660507 -10.057262410644597 -0.042715923514457334 1.6118321128660507 -10.057262410644597
0.0986187983123144 0.662352309776416 -8.433988988896163 0.0986187983123144 0.662352309776416 -8.433988988896163
-1.8331914097250324 0.6958081767927439 -4.8302696159432035 -1.8331914097250324 0.6958081767927439 -4.8302696159432035
0.10097632963989915 -0.5483626377185568 2.024884085884293 0.10097632963989915 -0.5483626377185568 2.024884085884293
1.3244664931496783 0.6210354048448024 -4.51796527705302 1.3244664931496783 0.6210354048448024 -4.51796527705302
-1.0157066073824466 0.020582812306599203 -3.539096963732181 -1.0157066073824466 0.020582812306599203 -3.539096963732181
-0.6268995498224468 0.785966287314526 0.15964874887914637 -0.6268995498224468 0.785966287314526 0.15964874887914637
0.7096022235798091 0.05497488690580114 -7.023996241400443 0.7096022235798091 0.05497488690580114 -7.023996241400443
1.0577202087705069 0.09268357144716687 6.506838319374169 1.0577202087705069 0.09268357144716687 6.506838319374169
-0.41898207684834304 -1.0201672714966121 -0.7907341825707445 -0.41898207684834304 -1.0201672714966121 -0.7907341825707445
-1.1462598949412262 -1.4815948302313016 4.653087174592449 -1.1462598949412262 -1.4815948302313016 4.653087174592449
0.08433727709502545 -0.969601027591696 3.50845231146748 0.08433727709502545 -0.969601027591696 3.50845231146748
2.2133665257441373 0.2108515749393226 -8.924132112308119 2.2133665257441373 0.2108515749393226 -8.924132112308119
-0.10774046868888111 0.04980504522880931 9.077649312580288 -0.10774046868888111 0.04980504522880931 9.077649312580288
0.1649945708520192 0.06199994224125546 9.759948382382968 0.1649945708520192 0.06199994224125546 9.759948382382968
0.3316068181735766 1.3487818011223403 1.7180751780074306 0.3316068181735766 1.3487818011223403 1.7180751780074306
1.2863981662872086 1.7176578078339042 6.280645791325843 1.2863981662872086 1.7176578078339042 6.280645791325843
1.1875113174531966 -1.5139226364594434 -11.327481229226414 1.1875113174531966 -1.5139226364594434 -11.327481229226414
-1.7753322492020733 0.14037296538690966 4.3470279337405575 -1.7753322492020733 0.14037296538690966 4.3470279337405575
0.40930615821544186 0.36838949904367924 -0.19341390644255865 0.40930615821544186 0.36838949904367924 -0.19341390644255865
1.9304790918979335 1.8156738527727407 -4.548889821807212 1.9304790918979335 1.8156738527727407 -4.548889821807212
-0.7327731674564201 -0.5097802586089256 0.3196694780728303 -0.7327731674564201 -0.5097802586089256 0.3196694780728303
1.2066785441433197 1.051266262484969 1.1234645750704784 1.2066785441433197 1.051266262484969 1.1234645750704784
-0.6002826737045345 -3.5718731710627156 6.919258219586141 -0.6002826737045345 -3.5718731710627156 6.919258219586141
0.5106888498129795 2.4896565798900365 -0.15489832543078152 0.5106888498129795 2.4896565798900365 -0.15489832543078152
-1.5571275373163753 3.844472381949087 2.2388083116180777 -1.5571275373163753 3.844472381949087 2.2388083116180777
-0.19678216654322045 -0.8161163287434485 -2.8417464050695607 -0.19678216654322045 -0.8161163287434485 -2.8417464050695607
-0.5502134831254852 -0.4007910462550163 6.267000187481655 -0.5502134831254852 -0.4007910462550163 6.267000187481655
0.7501739470038294 -0.8964863364668066 -1.447172236585458 0.7501739470038294 -0.8964863364668066 -1.447172236585458
-1.7611055442067929 0.04471981347882086 3.6847671137846945 -1.7611055442067929 0.04471981347882086 3.6847671137846945
0.5433269598218838 -0.8526555225899091 18.133409717884117 0.5433269598218838 -0.8526555225899091 18.133409717884117
2.1015190808176136 0.895824167000098 1.3270728702852814 2.1015190808176136 0.895824167000098 1.3270728702852814
0.6778684413792437 0.7797706805696764 -4.486627002363679 0.6778684413792437 0.7797706805696764 -4.486627002363679
-2.201082240366964 -0.37576040919368164 3.6092349191540194 -2.201082240366964 -0.37576040919368164 3.6092349191540194
-1.0508907817035185 2.1249783994075186 -1.0583924671302372 -1.0508907817035185 2.1249783994075186 -1.0583924671302372
0.26890302117367065 0.40987692773349993 2.1860465938919584 0.26890302117367065 0.40987692773349993 2.1860465938919584
0.25230095700197014 0.4910303764747214 -5.773738172241203 0.25230095700197014 0.4910303764747214 -5.773738172241203
-0.28080687756313916 1.0617041254110615 9.958246599589119 -0.28080687756313916 1.0617041254110615 9.958246599589119
-0.4496516097333632 0.07847573407358081 -1.2131439791467407 -0.4496516097333632 0.07847573407358081 -1.2131439791467407
0.16602205600904857 -0.7647371268032598 1.3152617803100692 0.16602205600904857 -0.7647371268032598 1.3152617803100692
-0.09412477279119998 -1.3977169768091195 2.4866958733280566 -0.09412477279119998 -1.3977169768091195 2.4866958733280566
-1.170831131123485 0.19953119949314962 0.7713117987785192 -1.170831131123485 0.19953119949314962 0.7713117987785192
-1.838469640286375 0.5536321051606562 4.25082063627199 -1.838469640286375 0.5536321051606562 4.25082063627199
1.4717612032090788 -2.2905821523728425 -1.3473180673115581 1.4717612032090788 -2.2905821523728425 -1.3473180673115581
1.249462022119379 -2.2022623867530737 -0.7351095169521474 1.249462022119379 -2.2022623867530737 -0.7351095169521474
-2.2971502508962645 -0.7662714093047456 -4.180269212848645 -2.2971502508962645 -0.7662714093047456 -4.180269212848645
0.1974718396748126 -0.31828305810157426 -2.578194520505965 0.1974718396748126 -0.31828305810157426 -2.578194520505965
0.6834802301055996 0.09122378043367642 -0.3702010494348556 0.6834802301055996 0.09122378043367642 -0.3702010494348556
1.7230453387890017 -2.2655983917975084 1.347459689413722 1.7230453387890017 -2.2655983917975084 1.347459689413722
-0.1258678821374147 -0.26510022964519386 -3.68833536581678 -0.1258678821374147 -0.26510022964519386 -3.68833536581678
-1.3094575807451159 -0.747693129357115 -4.624749551047496 -1.3094575807451159 -0.747693129357115 -4.624749551047496
1.8682750760149713 -0.28447782464170335 -4.314932389453332 1.8682750760149713 -0.28447782464170335 -4.314932389453332
-1.2400906228793278 0.6087135687693676 -3.037190715968865 -1.2400906228793278 0.6087135687693676 -3.037190715968865
-1.6323348165166451 -0.7980234140318827 3.76912133032179 -1.6323348165166451 -0.7980234140318827 3.76912133032179
2.3160973289880102 3.972604333484722 -0.9197037718331815 2.3160973289880102 3.972604333484722 -0.9197037718331815
-0.6778957111824019 -1.3432719208851067 -4.122709304942569 -0.6778957111824019 -1.3432719208851067 -4.122709304942569
1.2241984626855782 -2.2539278029052445 -0.2840946515637279 1.2241984626855782 -2.2539278029052445 -0.2840946515637279
0.6229818986155365 0.20491525175971875 2.0772181950198667 0.6229818986155365 0.20491525175971875 2.0772181950198667
0.9535203497046149 1.6476912367385244 6.958644870421043 0.9535203497046149 1.6476912367385244 6.958644870421043
0.24999728720542747 -0.4272955755243564 6.133192556436055 0.24999728720542747 -0.4272955755243564 6.133192556436055
-0.05702901754415439 -0.8235395459251347 1.9911009333807828 -0.05702901754415439 -0.8235395459251347 1.9911009333807828
1.3314082883450626 2.0561082616320854 -4.71297876647867 1.3314082883450626 2.0561082616320854 -4.71297876647867
1.223744820980764 -0.5461560469785498 7.778295550758496 1.223744820980764 -0.5461560469785498 7.778295550758496
-0.09761836436040357 0.0894488411120524 -0.8426831892232899 -0.09761836436040357 0.0894488411120524 -0.8426831892232899
0.8490110869737748 -0.2512001313071033 4.188764630533514 0.8490110869737748 -0.2512001313071033 4.188764630533514
0.08824098944630875 2.3424985584101767 1.4908609054205477 0.08824098944630875 2.3424985584101767 1.4908609054205477
-0.7060096952783187 -1.8038308191575811 9.555002306770144 -0.7060096952783187 -1.8038308191575811 9.555002306770144
1.5644776747425868 -1.5777988298134746 0.6534246503032766 1.5644776747425868 -1.5777988298134746 0.6534246503032766
0.4683020087195997 0.43854508190408026 1.674801473255121 0.3515638045903974 0.3385581810294071 1.8977739635773758
1.1731911725638666 3.2906668453086634 0.0007247632126317341 1.1731911725638666 3.2906668453086634 0.0007247632126317341
0.4699213338056339 0.23857755924781004 -0.7561128611393937 0.4699213338056339 0.23857755924781004 -0.7561128611393937
1.0250665578197435 1.3751248068993664 1.3155514993363533 1.0250665578197435 1.3751248068993664 1.3155514993363533
1.2277660565898638 -0.09458561001838056 2.959297768616199 1.2277660565898638 -0.09458561001838056 2.959297768616199
-0.037160740435131796 -0.3301852947257768 -3.0961239812742773 -0.037160740435131796 -0.3301852947257768 -3.0961239812742773
0.7266560921299063 0.9181884369509774 -0.4767936644776855 0.7266560921299063 0.9181884369509774 -0.4767936644776855
-3.246661989498582 0.5533604080968338 2.1255487834780853 -3.246661989498582 0.5533604080968338 2.1255487834780853
1.6103214111311261 -0.32628507736233037 -1.6884737688956402 1.6103214111311261 -0.32628507736233037 -1.6884737688956402
